2000 2 1
78 60
1
51 61
0
59 55
1
65 51
1
77 66
1
66 67
0
66 74
0
63 70
0
68 51
1
50 60
0
70 64
1
76 62
1
73 64
1
54 59
0
75 57
1
73 57
1
73 58
1
71 75
0
53 71
0
79 59
1
70 67
1
68 56
1
64 65
0
78 71
1
60 65
0
52 72
0
79 51
1
78 72
1
57 68
0
73 67
1
58 61
0
55 50
1
52 57
0
72 72
1
50 65
0
65 69
0
56 65
0
72 54
1
78 71
1
63 75
0
51 77
0
66 61
1
58 54
1
69 58
1
53 50
1
68 63
1
78 77
1
69 66
1
60 55
1
79 67
1
61 66
0
60 58
1
62 61
1
69 69
1
53 73
0
73 66
1
64 64
1
75 78
0
61 65
0
76 73
1
76 58
1
60 69
0
54 62
0
59 51
1
73 70
1
68 79
0
72 55
1
56 57
0
61 73
0
55 69
0
56 78
0
55 58
0
53 77
0
59 58
1
72 79
0
74 79
0
57 74
0
78 60
1
57 50
1
61 52
1
74 67
1
66 71
0
66 69
0
51 67
0
74 57
1
64 63
1
67 71
0
65 75
0
54 76
0
65 53
1
69 61
1
68 77
0
51 50
1
64 53
1
70 64
1
52 56
0
74 56
1
75 67
1
63 61
1
67 77
0
60 65
0
78 70
1
52 59
0
55 51
1
64 77
0
56 56
1
67 75
0
54 68
0
58 76
0
52 50
1
70 67
1
71 62
1
50 57
0
60 55
1
59 63
0
79 79
1
59 66
0
77 62
1
63 54
1
65 64
1
68 75
0
57 73
0
63 73
0
77 63
1
66 64
1
57 76
0
76 55
1
71 61
1
65 67
0
54 71
0
75 69
1
60 65
0
50 74
0
63 76
0
61 52
1
58 53
1
57 66
0
77 58
1
67 62
1
65 73
0
68 56
1
53 76
0
75 59
1
79 55
1
64 69
0
79 51
1
53 79
0
76 65
1
68 59
1
64 76
0
54 58
0
68 77
0
52 74
0
53 55
0
71 59
1
64 54
1
63 60
1
66 69
0
76 57
1
69 61
1
55 61
0
72 64
1
66 78
0
78 58
1
63 61
1
58 52
1
66 52
1
61 60
1
74 53
1
75 75
1
55 73
0
59 67
0
71 65
1
74 77
0
60 72
0
60 79
0
61 57
1
76 73
1
71 55
1
67 54
1
61 75
0
79 58
1
69 57
1
71 63
1
72 57
1
65 60
1
71 50
1
57 50
1
52 56
0
57 60
0
53 79
0
70 74
0
61 57
1
74 60
1
59 77
0
75 58
1
67 78
0
66 57
1
64 67
0
73 57
1
76 64
1
53 51
1
50 78
0
69 66
1
56 55
1
79 67
1
61 52
1
64 52
1
60 70
0
71 70
1
77 60
1
61 58
1
53 56
0
56 59
0
60 75
0
72 76
0
54 63
0
67 71
0
71 70
1
59 76
0
72 53
1
76 55
1
69 72
0
66 73
0
79 77
1
72 56
1
61 73
0
73 57
1
63 74
0
76 65
1
73 63
1
71 75
0
57 61
0
65 56
1
77 62
1
56 66
0
63 64
0
56 76
0
58 52
1
67 73
0
72 58
1
69 57
1
58 68
0
52 51
1
73 67
1
79 65
1
64 57
1
66 58
1
67 62
1
66 50
1
52 54
0
72 58
1
65 70
0
55 69
0
52 64
0
55 52
1
57 64
0
60 77
0
55 62
0
50 63
0
71 68
1
60 69
0
77 78
0
50 79
0
61 69
0
71 63
1
70 66
1
65 70
0
55 62
0
76 52
1
67 50
1
75 57
1
70 63
1
70 74
0
59 56
1
63 58
1
58 51
1
58 50
1
50 70
0
55 67
0
57 54
1
62 69
0
67 61
1
79 70
1
51 50
1
78 54
1
78 79
0
57 75
0
72 54
1
51 50
1
54 75
0
53 65
0
60 57
1
67 63
1
64 62
1
77 63
1
61 73
0
76 52
1
54 70
0
58 52
1
51 79
0
50 67
0
70 54
1
71 67
1
75 66
1
73 63
1
64 61
1
57 78
0
73 60
1
55 75
0
58 62
0
63 79
0
51 59
0
68 56
1
56 66
0
75 79
0
56 56
1
73 76
0
69 62
1
66 51
1
60 76
0
79 54
1
75 70
1
79 50
1
69 79
0
53 74
0
65 68
0
64 79
0
58 57
1
71 77
0
58 53
1
50 53
0
78 54
1
70 73
0
50 64
0
79 51
1
57 69
0
78 71
1
53 58
0
52 66
0
53 70
0
63 74
0
65 71
0
70 72
0
63 71
0
51 65
0
64 67
0
59 52
1
71 77
0
52 67
0
72 59
1
50 67
0
76 59
1
78 63
1
63 57
1
78 61
1
71 75
0
55 65
0
56 50
1
72 56
1
74 56
1
70 66
1
60 59
1
62 71
0
72 72
1
55 52
1
61 52
1
53 78
0
76 64
1
73 55
1
71 56
1
65 63
1
78 58
1
68 57
1
56 74
0
76 53
1
67 56
1
59 50
1
73 79
0
79 56
1
75 79
0
53 76
0
64 50
1
66 66
1
72 57
1
69 74
0
51 70
0
75 54
1
66 56
1
64 50
1
76 65
1
64 73
0
77 65
1
78 50
1
65 55
1
54 52
1
50 55
0
71 72
0
62 56
1
52 58
0
54 50
1
78 57
1
72 72
1
59 68
0
62 79
0
58 76
0
66 62
1
73 73
1
55 68
0
78 77
1
68 65
1
66 67
0
56 71
0
51 50
1
50 57
0
70 65
1
63 67
0
58 70
0
60 72
0
71 58
1
65 52
1
60 67
0
57 72
0
72 55
1
51 56
0
55 71
0
72 57
1
57 77
0
62 62
1
68 79
0
71 74
0
54 72
0
63 76
0
52 77
0
56 55
1
61 77
0
76 74
1
60 71
0
70 55
1
79 70
1
59 65
0
79 61
1
63 58
1
60 64
0
73 50
1
74 57
1
56 68
0
65 58
1
52 73
0
74 71
1
79 52
1
65 50
1
62 74
0
66 53
1
57 59
0
50 66
0
71 63
1
54 61
0
67 66
1
63 73
0
79 53
1
53 55
0
55 73
0
57 53
1
69 51
1
59 51
1
78 53
1
76 52
1
73 74
0
53 68
0
60 62
0
70 56
1
53 77
0
70 75
0
57 59
0
67 78
0
52 73
0
70 72
0
66 56
1
73 66
1
67 75
0
63 57
1
60 61
0
58 71
0
66 72
0
61 53
1
71 70
1
57 62
0
75 55
1
70 54
1
60 64
0
66 68
0
72 78
0
50 53
0
75 57
1
69 53
1
54 72
0
54 56
0
62 56
1
79 70
1
72 60
1
79 66
1
63 70
0
57 77
0
56 78
0
75 75
1
60 54
1
68 79
0
78 79
0
70 56
1
67 51
1
76 76
1
51 57
0
51 75
0
62 69
0
66 77
0
50 72
0
64 73
0
63 54
1
70 50
1
66 67
0
51 55
0
71 72
0
50 66
0
69 56
1
78 60
1
60 56
1
68 51
1
54 79
0
72 66
1
57 57
1
75 73
1
54 52
1
62 50
1
54 57
0
52 63
0
55 50
1
63 57
1
58 51
1
71 78
0
58 66
0
60 50
1
76 73
1
51 63
0
71 51
1
77 57
1
62 77
0
65 65
1
74 61
1
51 75
0
73 61
1
51 78
0
61 61
1
77 62
1
79 64
1
72 66
1
66 67
0
66 61
1
75 60
1
55 77
0
69 79
0
60 60
1
66 60
1
59 59
1
77 75
1
51 61
0
77 50
1
64 70
0
56 74
0
70 50
1
70 79
0
68 59
1
74 74
1
75 75
1
75 72
1
52 60
0
62 67
0
56 71
0
63 76
0
50 68
0
75 64
1
67 73
0
62 58
1
78 62
1
58 65
0
61 78
0
69 60
1
50 67
0
77 52
1
64 55
1
64 74
0
56 73
0
65 68
0
56 78
0
59 61
0
67 66
1
75 69
1
54 67
0
63 62
1
53 73
0
58 79
0
62 50
1
67 66
1
68 56
1
63 74
0
53 52
1
52 70
0
70 65
1
75 57
1
63 71
0
59 66
0
73 50
1
63 51
1
62 56
1
55 71
0
74 76
0
59 62
0
55 65
0
78 70
1
61 61
1
63 56
1
53 74
0
59 70
0
50 55
0
61 65
0
63 70
0
72 62
1
61 51
1
51 71
0
62 58
1
72 52
1
71 78
0
54 67
0
51 54
0
54 74
0
71 65
1
75 56
1
70 62
1
65 68
0
79 58
1
71 59
1
51 65
0
60 54
1
71 60
1
69 68
1
63 59
1
69 53
1
77 72
1
52 61
0
57 73
0
71 56
1
78 57
1
61 65
0
58 61
0
65 52
1
56 55
1
65 77
0
75 69
1
71 72
0
74 58
1
56 51
1
74 77
0
69 52
1
74 75
0
63 69
0
61 53
1
51 71
0
78 57
1
73 51
1
59 79
0
78 68
1
55 67
0
66 61
1
64 50
1
54 79
0
52 71
0
70 53
1
56 73
0
67 54
1
75 51
1
50 57
0
77 52
1
61 56
1
55 66
0
77 70
1
71 69
1
66 50
1
55 73
0
76 71
1
66 59
1
55 60
0
67 69
0
79 50
1
70 78
0
78 53
1
74 74
1
61 72
0
67 61
1
62 51
1
56 63
0
50 72
0
59 62
0
51 56
0
70 78
0
50 75
0
78 77
1
76 72
1
59 78
0
54 74
0
63 73
0
56 50
1
64 63
1
58 77
0
72 74
0
72 77
0
72 79
0
62 78
0
59 68
0
51 57
0
62 75
0
53 77
0
53 56
0
71 53
1
66 62
1
55 56
0
56 54
1
74 66
1
65 76
0
69 52
1
75 79
0
73 75
0
71 61
1
52 74
0
76 75
1
51 78
0
59 70
0
61 79
0
55 76
0
61 66
0
78 68
1
58 54
1
68 77
0
53 72
0
72 61
1
56 67
0
62 68
0
56 57
0
68 71
0
54 50
1
52 55
0
78 79
0
72 76
0
62 60
1
67 73
0
78 52
1
70 68
1
75 65
1
65 51
1
64 65
0
79 57
1
51 74
0
66 65
1
66 74
0
76 69
1
57 79
0
77 72
1
68 54
1
66 69
0
79 59
1
54 52
1
77 77
1
52 76
0
50 79
0
70 68
1
71 73
0
66 77
0
56 59
0
55 64
0
64 65
0
62 51
1
50 55
0
73 60
1
65 70
0
62 56
1
62 53
1
74 59
1
52 57
0
50 62
0
53 64
0
69 79
0
69 56
1
79 72
1
58 66
0
74 74
1
74 78
0
50 78
0
66 51
1
74 50
1
71 56
1
76 51
1
62 61
1
54 72
0
56 76
0
78 73
1
67 52
1
57 50
1
57 60
0
70 73
0
78 75
1
75 54
1
78 59
1
70 76
0
69 70
0
72 54
1
54 63
0
79 56
1
72 63
1
69 63
1
50 69
0
53 59
0
77 68
1
57 66
0
75 54
1
60 64
0
56 62
0
77 74
1
53 73
0
67 67
1
67 79
0
57 52
1
71 75
0
69 72
0
55 71
0
69 51
1
64 66
0
78 57
1
79 59
1
73 63
1
66 73
0
57 52
1
69 51
1
54 60
0
74 59
1
61 55
1
53 58
0
57 71
0
75 68
1
67 53
1
73 55
1
62 77
0
62 79
0
69 59
1
55 77
0
77 71
1
64 77
0
50 72
0
67 65
1
76 62
1
55 64
0
74 55
1
59 66
0
57 68
0
56 74
0
51 56
0
63 54
1
52 57
0
73 76
0
66 55
1
60 53
1
71 64
1
60 54
1
73 72
1
69 50
1
67 76
0
63 74
0
55 52
1
63 71
0
69 65
1
61 55
1
71 59
1
69 51
1
74 62
1
56 79
0
50 56
0
76 79
0
53 64
0
77 52
1
54 60
0
55 76
0
67 53
1
78 58
1
68 68
1
70 51
1
77 63
1
72 65
1
78 66
1
78 60
1
56 56
1
67 76
0
78 59
1
70 67
1
68 71
0
67 68
0
51 69
0
60 54
1
52 62
0
70 65
1
78 62
1
68 58
1
65 74
0
59 66
0
66 67
0
52 68
0
75 51
1
59 79
0
50 74
0
60 68
0
70 74
0
78 54
1
57 67
0
79 65
1
53 76
0
79 67
1
50 72
0
78 54
1
60 73
0
56 70
0
79 63
1
66 63
1
71 64
1
51 52
0
72 58
1
56 55
1
57 57
1
73 67
1
69 59
1
55 59
0
67 63
1
77 55
1
69 67
1
57 74
0
76 52
1
57 79
0
53 72
0
77 57
1
79 73
1
74 76
0
62 79
0
79 73
1
60 63
0
62 75
0
51 51
1
67 74
0
57 65
0
53 68
0
56 76
0
71 60
1
79 78
1
59 58
1
55 70
0
65 58
1
68 53
1
62 58
1
79 53
1
56 72
0
63 75
0
68 57
1
55 75
0
75 60
1
66 66
1
50 56
0
65 66
0
65 77
0
70 76
0
71 53
1
57 73
0
60 55
1
62 68
0
63 75
0
60 75
0
51 60
0
63 70
0
64 59
1
59 76
0
73 63
1
55 61
0
65 52
1
67 74
0
64 56
1
62 56
1
79 59
1
61 55
1
53 60
0
64 53
1
50 57
0
53 53
1
68 52
1
61 61
1
78 74
1
72 76
0
50 63
0
65 60
1
70 75
0
77 61
1
73 76
0
69 65
1
64 73
0
59 76
0
66 55
1
79 50
1
60 70
0
74 66
1
51 74
0
59 74
0
64 57
1
59 64
0
50 67
0
79 68
1
52 56
0
67 78
0
75 58
1
50 62
0
62 57
1
69 75
0
69 52
1
52 73
0
60 74
0
64 58
1
56 53
1
56 68
0
67 53
1
62 63
0
63 58
1
58 74
0
56 52
1
79 59
1
50 64
0
59 69
0
62 63
0
60 74
0
51 65
0
79 76
1
68 63
1
62 52
1
69 60
1
50 53
0
59 66
0
53 56
0
71 55
1
75 72
1
59 52
1
79 72
1
74 74
1
68 73
0
74 74
1
66 74
0
68 74
0
51 58
0
68 71
0
63 62
1
71 68
1
59 55
1
51 70
0
67 52
1
61 71
0
57 69
0
52 65
0
74 53
1
71 59
1
58 60
0
71 79
0
61 70
0
58 54
1
54 69
0
74 69
1
71 74
0
72 54
1
61 71
0
63 68
0
57 64
0
66 64
1
55 77
0
51 54
0
55 62
0
50 73
0
62 57
1
58 63
0
59 69
0
50 70
0
52 74
0
52 69
0
75 63
1
76 70
1
68 56
1
65 64
1
69 75
0
73 61
1
50 72
0
59 50
1
63 60
1
52 73
0
70 55
1
73 66
1
73 72
1
66 54
1
78 53
1
77 75
1
68 55
1
55 52
1
63 79
0
60 63
0
56 56
1
77 67
1
79 58
1
58 79
0
59 77
0
59 63
0
54 68
0
65 76
0
74 77
0
78 62
1
63 78
0
79 71
1
58 71
0
65 77
0
52 58
0
78 71
1
78 56
1
68 64
1
76 50
1
50 56
0
72 76
0
63 58
1
79 69
1
63 68
0
52 53
0
50 69
0
55 55
1
61 68
0
54 51
1
55 54
1
66 70
0
76 74
1
73 59
1
56 73
0
75 73
1
78 68
1
58 55
1
56 71
0
74 65
1
61 55
1
50 79
0
71 76
0
68 58
1
77 74
1
59 58
1
59 70
0
76 51
1
77 64
1
50 55
0
70 57
1
62 76
0
77 54
1
63 64
0
79 77
1
57 75
0
76 62
1
56 79
0
61 51
1
68 61
1
52 65
0
78 55
1
62 55
1
55 71
0
60 51
1
61 51
1
77 52
1
59 66
0
67 50
1
58 50
1
72 69
1
76 55
1
57 63
0
50 56
0
71 51
1
69 75
0
75 77
0
78 79
0
55 57
0
68 73
0
57 62
0
76 60
1
59 75
0
71 70
1
50 73
0
51 69
0
71 78
0
54 65
0
63 55
1
54 50
1
69 54
1
65 67
0
79 78
1
70 67
1
66 52
1
69 68
1
69 66
1
63 50
1
51 79
0
68 66
1
71 55
1
73 68
1
56 72
0
76 70
1
68 68
1
62 74
0
79 53
1
67 64
1
51 57
0
57 78
0
69 78
0
50 75
0
77 72
1
67 62
1
58 52
1
65 56
1
65 71
0
62 55
1
63 55
1
67 76
0
50 59
0
53 77
0
69 69
1
72 54
1
70 78
0
62 65
0
53 63
0
69 58
1
58 71
0
57 65
0
75 77
0
67 74
0
51 50
1
65 74
0
56 64
0
54 66
0
55 73
0
55 70
0
53 59
0
73 71
1
68 69
0
71 58
1
66 55
1
74 75
0
59 78
0
52 73
0
52 56
0
61 77
0
60 71
0
79 51
1
55 60
0
76 50
1
60 64
0
56 58
0
73 76
0
79 64
1
76 62
1
61 74
0
63 63
1
55 71
0
53 50
1
73 53
1
69 53
1
53 57
0
64 74
0
79 69
1
56 54
1
55 52
1
61 50
1
68 76
0
60 77
0
69 66
1
54 52
1
75 71
1
56 73
0
50 77
0
50 67
0
77 71
1
75 59
1
55 69
0
55 70
0
61 58
1
65 67
0
72 71
1
74 54
1
50 61
0
50 73
0
75 79
0
72 61
1
56 76
0
69 50
1
54 79
0
72 59
1
56 74
0
75 53
1
62 54
1
57 58
0
65 77
0
65 57
1
74 63
1
55 51
1
73 65
1
63 57
1
79 70
1
70 76
0
60 58
1
70 74
0
56 75
0
74 70
1
56 65
0
76 64
1
66 50
1
52 68
0
60 58
1
69 60
1
62 53
1
54 51
1
69 74
0
74 62
1
54 66
0
72 73
0
69 79
0
65 77
0
57 79
0
59 67
0
69 65
1
50 53
0
66 64
1
50 71
0
60 77
0
51 76
0
71 56
1
59 51
1
71 73
0
64 50
1
68 58
1
62 69
0
69 79
0
53 70
0
73 67
1
76 72
1
77 61
1
69 54
1
51 61
0
67 76
0
70 53
1
73 59
1
76 75
1
63 75
0
57 50
1
68 55
1
59 61
0
52 54
0
65 62
1
78 73
1
75 62
1
55 66
0
58 77
0
72 67
1
72 77
0
54 72
0
60 63
0
55 69
0
76 75
1
61 77
0
52 52
1
73 64
1
78 71
1
64 79
0
65 65
1
63 62
1
71 73
0
69 67
1
79 72
1
63 68
0
54 67
0
57 75
0
54 71
0
66 74
0
60 74
0
68 68
1
50 73
0
69 58
1
52 52
1
56 60
0
66 74
0
51 69
0
60 50
1
50 67
0
76 79
0
56 65
0
51 60
0
66 53
1
56 73
0
56 63
0
55 56
0
57 55
1
63 66
0
52 78
0
63 75
0
62 64
0
78 77
1
56 61
0
65 65
1
68 59
1
69 63
1
67 55
1
51 56
0
69 51
1
50 59
0
52 68
0
59 77
0
52 76
0
65 62
1
55 69
0
66 57
1
53 79
0
61 70
0
52 77
0
79 74
1
69 66
1
73 54
1
52 61
0
59 54
1
60 66
0
55 71
0
61 51
1
58 50
1
77 61
1
71 58
1
64 61
1
51 61
0
62 68
0
74 70
1
79 72
1
52 66
0
70 67
1
74 71
1
54 51
1
66 69
0
55 77
0
66 79
0
69 74
0
62 55
1
76 59
1
68 67
1
66 53
1
73 70
1
72 65
1
55 65
0
75 63
1
78 74
1
76 52
1
50 53
0
68 55
1
74 72
1
56 54
1
58 63
0
67 58
1
55 73
0
71 52
1
68 52
1
52 63
0
70 54
1
53 75
0
69 73
0
54 76
0
50 71
0
61 55
1
77 62
1
73 70
1
68 76
0
61 60
1
50 67
0
75 75
1
73 67
1
59 57
1
66 63
1
68 65
1
77 56
1
79 76
1
52 67
0
79 75
1
67 70
0
63 51
1
73 65
1
54 54
1
59 74
0
66 57
1
70 57
1
70 65
1
50 57
0
64 65
0
73 60
1
75 56
1
60 68
0
53 55
0
55 55
1
58 51
1
52 59
0
59 58
1
71 74
0
67 67
1
79 54
1
75 51
1
78 75
1
55 72
0
62 62
1
79 52
1
53 60
0
53 73
0
52 66
0
78 58
1
52 71
0
78 72
1
53 70
0
55 61
0
69 51
1
68 75
0
72 68
1
65 62
1
62 75
0
76 59
1
51 72
0
62 63
0
59 52
1
55 73
0
72 67
1
69 75
0
51 61
0
52 68
0
61 70
0
65 63
1
56 51
1
79 76
1
67 66
1
50 65
0
74 67
1
67 51
1
73 65
1
50 78
0
66 74
0
77 53
1
76 52
1
75 75
1
68 76
0
59 51
1
56 65
0
74 69
1
77 68
1
78 58
1
69 70
0
77 75
1
57 74
0
55 63
0
69 67
1
68 76
0
73 69
1
71 62
1
66 60
1
50 53
0
68 73
0
53 77
0
67 73
0
53 66
0
58 72
0
60 55
1
72 60
1
72 72
1
71 67
1
58 51
1
68 50
1
76 68
1
65 63
1
72 60
1
54 72
0
75 53
1
79 65
1
68 60
1
64 59
1
58 76
0
52 77
0
73 54
1
54 76
0
53 50
1
73 59
1
61 58
1
71 58
1
64 56
1
73 73
1
76 74
1
51 71
0
55 64
0
77 74
1
68 75
0
60 79
0
50 70
0
60 58
1
73 62
1
63 74
0
72 68
1
67 63
1
73 66
1
58 78
0
72 52
1
62 73
0
51 56
0
67 62
1
74 60
1
55 54
1
65 61
1
77 59
1
62 52
1
75 71
1
60 65
0
78 67
1
55 50
1
66 65
1
77 78
0
78 76
1
52 72
0
67 61
1
79 61
1
70 61
1
61 52
1
73 50
1
56 68
0
58 71
0
55 69
0
72 62
1
60 69
0
70 60
1
66 69
0
52 54
0
62 79
0
72 59
1
75 79
0
66 54
1
56 73
0
57 65
0
72 58
1
66 73
0
56 57
0
75 78
0
51 66
0
78 56
1
61 77
0
56 66
0
54 57
0
62 67
0
68 65
1
76 75
1
78 52
1
65 70
0
57 53
1
77 66
1
60 72
0
72 50
1
54 50
1
76 68
1
51 73
0
77 51
1
59 57
1
51 50
1
73 73
1
59 63
0
70 60
1
54 68
0
79 66
1
77 54
1
56 65
0
59 71
0
53 78
0
64 68
0
69 61
1
61 71
0
61 76
0
71 67
1
55 54
1
78 69
1
55 79
0
65 65
1
76 70
1
51 55
0
75 76
0
54 79
0
78 65
1
55 72
0
76 74
1
69 54
1
63 59
1
67 70
0
69 53
1
53 58
0
73 71
1
52 61
0
57 69
0
64 60
1
57 52
1
60 74
0
78 74
1
61 67
0
60 70
0
65 53
1
73 61
1
68 57
1
59 70
0
61 73
0
66 79
0
61 50
1
79 59
1
54 78
0
55 77
0
57 51
1
67 72
0
54 52
1
77 67
1
59 68
0
71 52
1
55 56
0
76 64
1
55 78
0
64 70
0
74 69
1
75 71
1
50 54
0
51 57
0
74 65
1
50 51
0
59 58
1
58 50
1
61 74
0
69 63
1
78 50
1
55 59
0
65 61
1
65 71
0
63 79
0
71 58
1
66 68
0
79 58
1
73 61
1
76 62
1
73 56
1
63 52
1
53 51
1
52 53
0
60 53
1
63 64
0
66 65
1
71 79
0
78 60
1
69 58
1
61 74
0
65 50
1
78 66
1
66 71
0
72 57
1
66 52
1
67 60
1
50 66
0
53 53
1
73 76
0
57 52
1
62 62
1
52 75
0
55 63
0
62 56
1
77 79
0
52 55
0
55 76
0
59 72
0
63 61
1
50 72
0
50 52
0
52 63
0
55 63
0
75 71
1
75 65
1
72 67
1
75 68
1
78 68
1
66 59
1
53 61
0
70 61
1
72 64
1
68 59
1
64 69
0
67 68
0
63 72
0
57 77
0
78 72
1
56 55
1
73 50
1
68 55
1
52 64
0
75 52
1
56 53
1
53 52
1
71 52
1
74 50
1
64 60
1
72 63
1
78 74
1
58 78
0
67 76
0
67 67
1
73 51
1
67 76
0
65 56
1
61 78
0
70 55
1
62 67
0
66 59
1
70 57
1
68 58
1
54 76
0
58 69
0
57 53
1
61 56
1
65 68
0
55 76
0
50 70
0
70 66
1
63 60
1
62 57
1
55 71
0
60 60
1
52 61
0
54 74
0
64 72
0
52 61
0
79 70
1
59 70
0
75 73
1
54 64
0
58 58
1
73 78
0
75 67
1
53 50
1
74 56
1
70 60
1
76 73
1
61 55
1
63 74
0
69 57
1
72 67
1
56 63
0
54 68
0
52 74
0
71 79
0
76 75
1
60 67
0
53 66
0
77 66
1
60 75
0
57 53
1
65 53
1
56 74
0
62 61
1
50 67
0
73 68
1
58 59
0
68 76
0
55 59
0
50 79
0
50 78
0
71 61
1
56 54
1
58 65
0
70 74
0
77 62
1
65 66
0
74 76
0
67 62
1
50 71
0
63 70
0
50 77
0
51 72
0
59 63
0
64 64
1
70 58
1
59 55
1
68 52
1
54 78
0
69 56
1
52 75
0
79 59
1
65 64
1
53 55
0
75 70
1
58 67
0
67 78
0
51 60
0
70 76
0
52 52
1
52 68
0
57 57
1
56 50
1
59 65
0
71 54
1
51 51
1
52 57
0
63 71
0
74 77
0
59 70
0
67 58
1
71 53
1
60 79
0
69 61
1
52 52
1
76 71
1
62 51
1
50 71
0
53 75
0
72 63
1
75 53
1
68 71
0
77 53
1
50 72
0
65 55
1
67 68
0
74 51
1
72 63
1
52 75
0
52 74
0
65 54
1
64 68
0
55 62
0
55 77
0
76 63
1
66 70
0
55 52
1
76 50
1
57 62
0
77 64
1
64 72
0
68 51
1
58 77
0
50 72
0
73 78
0
64 78
0
50 79
0
71 77
0
59 58
1
75 53
1
70 54
1
59 77
0
73 78
0
71 77
0
66 70
0
67 58
1
68 65
1
65 64
1
50 62
0
54 64
0
54 54
1
59 58
1
68 59
1
50 52
0
55 77
0
72 60
1
62 62
1
60 66
0
78 64
1
55 50
1
77 69
1
67 66
1
56 63
0
76 73
1
54 53
1
53 75
0
73 79
0
78 50
1
51 59
0
57 50
1
56 53
1
67 66
1
67 58
1
51 76
0
55 58
0
77 68
1
68 62
1
71 69
1
51 56
0
69 79
0
71 52
1
76 74
1
70 67
1
52 79
0
