1859 2 1
0.074 0.062
0.074
0.071 0.065
0.071
0.069 0.079
0.079
0.059 0.07
0.07
0.064 0.077
0.077
0.07 0.059
0.07
0.066 0.055
0.066
0.057 0.062
0.062
0.074 0.068
0.074
0.06 0.069
0.069
0.07 0.062
0.07
0.063 0.071
0.071
0.046 0.058
0.058
0.081 0.056
0.081
0.073 0.072
0.073
0.038 0.068
0.068
0.066 0.07
0.07
0.085 0.078
0.085
0.066 0.06
0.066
0.056 0.06
0.06
0.077 0.067
0.077
0.045 0.055
0.055
0.073 0.056
0.073
0.054 0.067
0.067
0.069 0.071
0.071
0.074 0.063
0.074
0.057 0.048
0.057
0.066 0.048
0.066
0.068 0.073
0.073
0.077 0.082
0.082
0.051 0.065
0.065
0.063 0.053
0.063
0.074 0.06
0.074
0.048 0.087
0.087
0.078 0.081
0.081
0.055 0.08
0.08
0.049 0.054
0.054
0.062 0.075
0.075
0.09 0.078
0.09
0.059 0.073
0.073
0.084 0.072
0.084
0.067 0.073
0.073
0.056 0.081
0.081
0.068 0.056
0.068
0.08 0.065
0.08
0.05 0.073
0.073
0.06 0.043
0.06
0.069 0.051
0.069
0.056 0.054
0.056
0.058 0.06
0.06
0.06 0.067
0.067
0.052 0.056
0.056
0.067 0.054
0.067
0.091 0.079
0.091
0.061 0.059
0.061
0.075 0.068
0.075
0.047 0.072
0.072
0.089 0.083
0.089
0.067 0.056
0.067
0.072 0.06
0.072
0.066 0.064
0.066
0.087 0.068
0.087
0.069 0.064
0.069
0.093 0.077
0.093
0.067 0.066
0.067
0.067 0.074
0.074
0.104 0.059
0.104
0.067 0.062
0.067
0.091 0.084
0.091
0.081 0.056
0.081
0.081 0.055
0.081
0.08 0.05
0.08
0.072 0.087
0.087
0.088 0.062
0.088
0.072 0.082
0.082
0.064 0.066
0.066
0.068 0.078
0.078
0.06 0.074
0.074
0.064 0.066
0.066
0.076 0.07
0.076
0.052 0.069
0.069
0.072 0.088
0.088
0.091 0.058
0.091
0.087 0.073
0.087
0.07 0.064
0.07
0.088 0.075
0.088
0.069 0.074
0.074
0.059 0.049
0.059
0.074 0.079
0.079
0.057 0.074
0.074
0.089 0.079
0.089
0.05 0.068
0.068
0.063 0.069
0.069
0.064 0.093
0.093
0.065 0.093
0.093
0.046 0.074
0.074
0.057 0.087
0.087
0.067 0.062
0.067
0.066 0.082
0.082
0.067 0.038
0.067
0.059 0.071
0.071
0.047 0.067
0.067
0.06 0.066
0.066
0.054 0.056
0.056
0.039 0.072
0.072
0.061 0.073
0.073
0.055 0.062
0.062
0.053 0.058
0.058
0.073 0.058
0.073
0.072 0.071
0.072
0.048 0.057
0.057
0.072 0.07
0.072
0.083 0.089
0.089
0.082 0.092
0.092
0.089 0.058
0.089
0.07 0.067
0.07
0.085 0.077
0.085
0.059 0.058
0.059
0.076 0.069
0.076
0.067 0.069
0.069
0.068 0.07
0.07
0.079 0.064
0.079
0.1 0.041
0.1
0.076 0.07
0.076
0.068 0.059
0.068
0.066 0.048
0.066
0.073 0.076
0.076
0.068 0.079
0.079
0.094 0.099
0.099
0.067 0.07
0.07
0.06 0.088
0.088
0.069 0.057
0.069
0.056 0.065
0.065
0.064 0.057
0.064
0.062 0.069
0.069
0.063 0.071
0.071
0.05 0.064
0.064
0.063 0.068
0.068
0.081 0.087
0.087
0.048 0.067
0.067
0.087 0.062
0.087
0.073 0.066
0.073
0.066 0.081
0.081
0.043 0.062
0.062
0.062 0.081
0.081
0.062 0.055
0.062
0.075 0.073
0.075
0.05 0.069
0.069
0.065 0.067
0.067
0.068 0.08
0.08
0.061 0.072
0.072
0.095 0.064
0.095
0.069 0.063
0.069
0.071 0.079
0.079
0.06 0.07
0.07
0.074 0.071
0.074
0.075 0.067
0.075
0.068 0.071
0.071
0.097 0.093
0.097
0.065 0.063
0.065
0.048 0.066
0.066
0.065 0.057
0.065
0.058 0.061
0.061
0.073 0.086
0.086
0.062 0.088
0.088
0.077 0.066
0.077
0.053 0.076
0.076
0.081 0.084
0.084
0.059 0.079
0.079
0.078 0.082
0.082
0.053 0.056
0.056
0.074 0.061
0.074
0.068 0.057
0.068
0.077 0.049
0.077
0.081 0.062
0.081
0.079 0.049
0.079
0.095 0.067
0.095
0.086 0.05
0.086
0.054 0.063
0.063
0.047 0.064
0.064
0.044 0.043
0.044
0.069 0.048
0.069
0.102 0.062
0.102
0.074 0.059
0.074
0.065 0.057
0.065
0.069 0.053
0.069
0.061 0.06
0.061
0.071 0.051
0.071
0.069 0.058
0.069
0.061 0.054
0.061
0.069 0.051
0.069
0.08 0.076
0.08
0.069 0.066
0.069
0.05 0.045
0.05
0.063 0.058
0.063
0.055 0.076
0.076
0.073 0.062
0.073
0.077 0.049
0.077
0.057 0.058
0.058
0.045 0.051
0.051
0.071 0.051
0.071
0.058 0.037
0.058
0.071 0.057
0.071
0.072 0.058
0.072
0.085 0.054
0.085
0.056 0.062
0.062
0.069 0.04
0.069
0.065 0.049
0.065
0.068 0.074
0.074
0.071 0.035
0.071
0.064 0.066
0.066
0.08 0.05
0.08
0.062 0.06
0.062
0.041 0.056
0.056
0.072 0.059
0.072
0.056 0.049
0.056
0.061 0.053
0.061
0.043 0.076
0.076
0.061 0.08
0.08
0.053 0.049
0.053
0.045 0.041
0.045
0.044 0.057
0.057
0.064 0.068
0.068
0.058 0.063
0.063
0.073 0.056
0.073
0.063 0.055
0.063
0.057 0.062
0.062
0.077 0.073
0.077
0.078 0.077
0.078
0.08 0.062
0.08
0.101 0.055
0.101
0.077 0.06
0.077
0.072 0.07
0.072
0.059 0.058
0.059
0.076 0.066
0.076
0.065 0.064
0.065
0.095 0.068
0.095
0.051 0.053
0.053
0.082 0.07
0.082
0.082 0.065
0.082
0.071 0.075
0.075
0.065 0.074
0.074
0.061 0.056
0.061
0.084 0.061
0.084
0.083 0.073
0.083
0.064 0.076
0.076
0.09 0.066
0.09
0.082 0.071
0.082
0.08 0.043
0.08
0.058 0.063
0.063
0.075 0.055
0.075
0.083 0.04
0.083
0.086 0.081
0.086
0.068 0.055
0.068
0.055 0.064
0.064
0.061 0.056
0.061
0.051 0.045
0.051
0.107 0.061
0.107
0.096 0.07
0.096
0.082 0.072
0.082
0.088 0.06
0.088
0.08 0.086
0.086
0.053 0.06
0.06
0.078 0.061
0.078
0.082 0.067
0.082
0.088 0.051
0.088
0.068 0.054
0.068
0.09 0.058
0.09
0.067 0.049
0.067
0.079 0.066
0.079
0.081 0.062
0.081
0.095 0.089
0.095
0.088 0.06
0.088
0.068 0.081
0.081
0.096 0.068
0.096
0.076 0.063
0.076
0.078 0.066
0.078
0.068 0.063
0.068
0.101 0.08
0.101
0.085 0.07
0.085
0.072 0.071
0.072
0.069 0.075
0.075
0.081 0.08
0.081
0.07 0.056
0.07
0.078 0.058
0.078
0.082 0.072
0.082
0.084 0.079
0.084
0.066 0.067
0.067
0.082 0.064
0.082
0.056 0.046
0.056
0.075 0.081
0.081
0.084 0.058
0.084
0.096 0.084
0.096
0.076 0.079
0.079
0.072 0.051
0.072
0.081 0.047
0.081
0.083 0.08
0.083
0.059 0.067
0.067
0.08 0.068
0.08
0.064 0.073
0.073
0.066 0.08
0.08
0.076 0.088
0.088
0.075 0.065
0.075
0.084 0.067
0.084
0.072 0.069
0.072
0.076 0.069
0.076
0.065 0.053
0.065
0.057 0.054
0.057
0.086 0.079
0.086
0.096 0.058
0.096
0.068 0.075
0.075
0.081 0.072
0.081
0.08 0.071
0.08
0.072 0.09
0.09
0.059 0.077
0.077
0.093 0.081
0.093
0.056 0.078
0.078
0.081 0.07
0.081
0.077 0.07
0.077
0.078 0.058
0.078
0.064 0.069
0.069
0.057 0.056
0.057
0.054 0.061
0.061
0.056 0.066
0.066
0.062 0.081
0.081
0.099 0.094
0.099
0.062 0.088
0.088
0.074 0.084
0.084
0.069 0.086
0.086
0.072 0.077
0.077
0.059 0.071
0.071
0.066 0.078
0.078
0.062 0.087
0.087
0.061 0.084
0.084
0.064 0.083
0.083
0.094 0.096
0.096
0.065 0.06
0.065
0.111 0.077
0.111
0.083 0.094
0.094
0.097 0.064
0.097
0.091 0.055
0.091
0.083 0.074
0.083
0.091 0.09
0.091
0.074 0.064
0.074
0.066 0.072
0.072
0.079 0.069
0.079
0.085 0.066
0.085
0.08 0.063
0.08
0.082 0.059
0.082
0.086 0.048
0.086
0.077 0.079
0.079
0.079 0.057
0.079
0.059 0.072
0.072
0.069 0.065
0.069
0.095 0.06
0.095
0.067 0.046
0.067
0.078 0.056
0.078
0.08 0.065
0.08
0.089 0.091
0.091
0.083 0.063
0.083
0.089 0.068
0.089
0 0
0
0 0
0
0 0
0
0 0
0
0 0
0
0.094 0.075
0.094
0.081 0.084
0.084
0.083 0.096
0.096
0.07 0.059
0.07
0.067 0.084
0.084
0.094 0.088
0.094
0.059 0.068
0.068
0.063 0.067
0.067
0.078 0.071
0.078
0.095 0.077
0.095
0.088 0.069
0.088
0.079 0.055
0.079
0.087 0.081
0.087
0.056 0.075
0.075
0.065 0.08
0.08
0.072 0.076
0.076
0.083 0.081
0.083
0.071 0.064
0.071
0.063 0.071
0.071
0.057 0.071
0.071
0.068 0.074
0.074
0.058 0.075
0.075
0.083 0.071
0.083
0.067 0.071
0.071
0.054 0.057
0.057
0.071 0.064
0.071
0.055 0.079
0.079
0.065 0.051
0.065
0.07 0.069
0.07
0.072 0.055
0.072
0.079 0.056
0.079
0.062 0.082
0.082
0.072 0.09
0.09
0.061 0.072
0.072
0.083 0.051
0.083
0.066 0.068
0.068
0.053 0.066
0.066
0.077 0.068
0.077
0.063 0.064
0.064
0.06 0.056
0.06
0.075 0.062
0.075
0.068 0.055
0.068
0.079 0.075
0.079
0.069 0.076
0.076
0.063 0.06
0.063
0.09 0.062
0.09
0.055 0.068
0.068
0.083 0.062
0.083
0.071 0.068
0.071
0.1 0.071
0.1
0.073 0.046
0.073
0.081 0.089
0.089
0.084 0.08
0.084
0.075 0.061
0.075
0.078 0.068
0.078
0.071 0.092
0.092
0.092 0.072
0.092
0.087 0.067
0.087
0.074 0.089
0.089
0.08 0.072
0.08
0.073 0.085
0.085
0.079 0.075
0.079
0.079 0.048
0.079
0.077 0.073
0.077
0.079 0.06
0.079
0.078 0.087
0.087
0.083 0.069
0.083
0.086 0.094
0.094
0.069 0.079
0.079
0.081 0.087
0.087
0.074 0.077
0.077
0.068 0.08
0.08
0.048 0.07
0.07
0.076 0.07
0.076
0.052 0.09
0.09
0.06 0.076
0.076
0.085 0.079
0.085
0.067 0.093
0.093
0.065 0.076
0.076
0.07 0.082
0.082
0.066 0.085
0.085
0.062 0.064
0.064
0.059 0.083
0.083
0.064 0.075
0.075
0.087 0.078
0.087
0.092 0.051
0.092
0.063 0.072
0.072
0.059 0.072
0.072
0.061 0.054
0.061
0.086 0.082
0.086
0.062 0.065
0.065
0.067 0.055
0.067
0.106 0.054
0.106
0.066 0.085
0.085
0.049 0.058
0.058
0.09 0.054
0.09
0.065 0.066
0.066
0.077 0.081
0.081
0.069 0.081
0.081
0.056 0.051
0.056
0.067 0.058
0.067
0.076 0.078
0.078
0.066 0.048
0.066
0.082 0.062
0.082
0.073 0.072
0.073
0.104 0.108
0.108
0.08 0.076
0.08
0.068 0.052
0.068
0.06 0.075
0.075
0.079 0.07
0.079
0.085 0.079
0.085
0.078 0.076
0.078
0.071 0.083
0.083
0.075 0.082
0.082
0.088 0.07
0.088
0.056 0.063
0.063
0.09 0.063
0.09
0.084 0.08
0.084
0.07 0.049
0.07
0.08 0.045
0.08
0.061 0.055
0.061
0.085 0.076
0.085
0.064 0.086
0.086
0.092 0.057
0.092
0.061 0.054
0.061
0.052 0.07
0.07
0.07 0.067
0.07
0.067 0.08
0.08
0.057 0.067
0.067
0.072 0.08
0.08
0.063 0.076
0.076
0.06 0.065
0.065
0.064 0.06
0.064
0.071 0.059
0.071
0.071 0.063
0.071
0.083 0.071
0.083
0.067 0.082
0.082
0.074 0.052
0.074
0.073 0.075
0.075
0.077 0.082
0.082
0.051 0.065
0.065
0.063 0.053
0.063
0.074 0.06
0.074
0.048 0.087
0.087
0.078 0.081
0.081
0.055 0.08
0.08
0.049 0.054
0.054
0.062 0.075
0.075
0.09 0.078
0.09
0.059 0.073
0.073
0.084 0.072
0.084
0.067 0.073
0.073
0.056 0.081
0.081
0.068 0.056
0.068
0.08 0.065
0.08
0.05 0.073
0.073
0.06 0.043
0.06
0.069 0.051
0.069
0.056 0.054
0.056
0.058 0.06
0.06
0.06 0.067
0.067
0.052 0.056
0.056
0.067 0.054
0.067
0.091 0.079
0.091
0.061 0.059
0.061
0.075 0.068
0.075
0.047 0.072
0.072
0.089 0.083
0.089
0.067 0.056
0.067
0.076 0.07
0.076
0.077 0.065
0.077
0.08 0.062
0.08
0.08 0.066
0.08
0.075 0.062
0.075
0.076 0.086
0.086
0.064 0.076
0.076
0.078 0.067
0.078
0.057 0.074
0.074
0.068 0.072
0.072
0.089 0.058
0.089
0.076 0.079
0.079
0.054 0.052
0.054
0.075 0.071
0.075
0.067 0.058
0.067
0.06 0.061
0.061
0.052 0.091
0.091
0.077 0.055
0.077
0.059 0.082
0.082
0.068 0.075
0.075
0.043 0.08
0.08
0.07 0.093
0.093
0.062 0.077
0.077
0.088 0.074
0.088
0.062 0.073
0.073
0.064 0.068
0.068
0.088 0.084
0.088
0.077 0.068
0.077
0.089 0.079
0.089
0.08 0.063
0.08
0.086 0.062
0.086
0.064 0.052
0.064
0.081 0.055
0.081
0.077 0.053
0.077
0.061 0.059
0.061
0.057 0.055
0.057
0.064 0.067
0.067
0.081 0.062
0.081
0.072 0.065
0.072
0.064 0.071
0.071
0.065 0.064
0.065
0.074 0.06
0.074
0.083 0.08
0.083
0.075 0.055
0.075
0.07 0.095
0.095
0.043 0.049
0.049
0.058 0.066
0.066
0.062 0.078
0.078
0.055 0.062
0.062
0.046 0.056
0.056
0.074 0.081
0.081
0.063 0.075
0.075
0.06 0.055
0.06
0.058 0.067
0.067
0.039 0.048
0.048
0.062 0.049
0.062
0.06 0.049
0.06
0.053 0.046
0.053
0.1 0.072
0.1
0.073 0.072
0.073
0.105 0.059
0.105
0.09 0.074
0.09
0.102 0.084
0.102
0.058 0.059
0.059
0.077 0.046
0.077
0.052 0.069
0.069
0.089 0.068
0.089
0.081 0.054
0.081
0.072 0.079
0.079
0.079 0.066
0.079
0.09 0.066
0.09
0.08 0.083
0.083
0.056 0.073
0.073
0.079 0.076
0.079
0.075 0.072
0.075
0.047 0.054
0.054
0.066 0.071
0.071
0.056 0.046
0.056
0.055 0.06
0.06
0.063 0.052
0.063
0.06 0.066
0.066
0.065 0.066
0.066
0.064 0.082
0.082
0 0
0
0 0
0
0 0
0
0 0
0
0.082 0.039
0.082
0.083 0.075
0.083
0.109 0.063
0.109
0.103 0.041
0.103
0.086 0.055
0.086
0.077 0.074
0.077
0.089 0.053
0.089
0.083 0.088
0.088
0.098 0.093
0.098
0.083 0.066
0.083
0.092 0.059
0.092
0.082 0.085
0.085
0.086 0.061
0.086
0.067 0.057
0.067
0.071 0.075
0.075
0.093 0.067
0.093
0.084 0.074
0.084
0.094 0.073
0.094
0.067 0.075
0.075
0.076 0.05
0.076
0.069 0.071
0.071
0.081 0.074
0.081
0.069 0.076
0.076
0.085 0.067
0.085
0.082 0.07
0.082
0 0
0
0 0
0
0 0
0
0 0
0
0.067 0.091
0.091
0.101 0.072
0.101
0.078 0.087
0.087
0.083 0.09
0.09
0.076 0.072
0.076
0.06 0.086
0.086
0.088 0.075
0.088
0.063 0.083
0.083
0.064 0.104
0.104
0.058 0.075
0.075
0.061 0.047
0.061
0.049 0.086
0.086
0.086 0.066
0.086
0.066 0.073
0.073
0.088 0.085
0.088
0.088 0.075
0.088
0.076 0.069
0.076
0.082 0.086
0.086
0.069 0.079
0.079
0.075 0.076
0.076
0.076 0.088
0.088
0.095 0.077
0.095
0.071 0.1
0.1
0.068 0.073
0.073
0.074 0.079
0.079
0.091 0.086
0.091
0.088 0.082
0.088
0.071 0.069
0.071
0.055 0.069
0.069
0.08 0.063
0.08
0.094 0.083
0.094
0.086 0.066
0.086
0.088 0.058
0.088
0.087 0.078
0.087
0.059 0.063
0.063
0.067 0.063
0.067
0.072 0.075
0.075
0.061 0.067
0.067
0.08 0.063
0.08
0.086 0.064
0.086
0.093 0.083
0.093
0.057 0.061
0.061
0.09 0.083
0.09
0.086 0.06
0.086
0.077 0.07
0.077
0.08 0.078
0.08
0.078 0.068
0.078
0.091 0.069
0.091
0.092 0.081
0.092
0.069 0.081
0.081
0.069 0.052
0.069
0.083 0.069
0.083
0.082 0.085
0.085
0.095 0.065
0.095
0.064 0.063
0.064
0.085 0.054
0.085
0.083 0.075
0.083
0.065 0.072
0.072
0.074 0.053
0.074
0.072 0.084
0.084
0.063 0.068
0.068
0.076 0.087
0.087
0.053 0.075
0.075
0.052 0.054
0.054
0.07 0.053
0.07
0.062 0.058
0.062
0.084 0.047
0.084
0.071 0.077
0.077
0.077 0.059
0.077
0.083 0.086
0.086
0.092 0.053
0.092
0.064 0.077
0.077
0.074 0.08
0.08
0.063 0.072
0.072
0.085 0.08
0.085
0.071 0.068
0.071
0.07 0.076
0.076
0.066 0.069
0.069
0.065 0.053
0.065
0.064 0.066
0.066
0.066 0.08
0.08
0.062 0.073
0.073
0.072 0.075
0.075
0.052 0.068
0.068
0.07 0.077
0.077
0.06 0.067
0.067
0.079 0.059
0.079
0.09 0.076
0.09
0.083 0.087
0.087
0.083 0.087
0.087
0.088 0.078
0.088
0.069 0.08
0.08
0.075 0.07
0.075
0.064 0.094
0.094
0.095 0.084
0.095
0.049 0.07
0.07
0.087 0.079
0.087
0.069 0.073
0.073
0.075 0.084
0.084
0.088 0.083
0.088
0.063 0.065
0.065
0.062 0.075
0.075
0.073 0.078
0.078
0.085 0.088
0.088
0.082 0.08
0.082
0.07 0.084
0.084
0.088 0.083
0.088
0.066 0.087
0.087
0.075 0.074
0.075
0.088 0.076
0.088
0.06 0.058
0.06
0.077 0.075
0.077
0.088 0.096
0.096
0 0
0
0 0
0
0 0
0
0 0
0
0 0
0
0 0
0
0.044 0.082
0.082
0.082 0.079
0.082
0.088 0.07
0.088
0.069 0.081
0.081
0.067 0.093
0.093
0.078 0.085
0.085
0.089 0.09
0.09
0.095 0.08
0.095
0.067 0.076
0.076
0.099 0.073
0.099
0.08 0.061
0.08
0.064 0.084
0.084
0.043 0.078
0.078
0.052 0.126
0.126
0.072 0.095
0.095
0.067 0.075
0.075
0.075 0.083
0.083
0.076 0.093
0.093
0.069 0.066
0.069
0.088 0.085
0.088
0.062 0.082
0.082
0.066 0.067
0.067
0.062 0.077
0.077
0.058 0.067
0.067
0.059 0.076
0.076
0.076 0.053
0.076
0.075 0.086
0.086
0.059 0.085
0.085
0.076 0.09
0.09
0.066 0.086
0.086
0.07 0.048
0.07
0.097 0.069
0.097
0.099 0.054
0.099
0.087 0.048
0.087
0.071 0.057
0.071
0.084 0.093
0.093
0.069 0.038
0.069
0.09 0.062
0.09
0.113 0.074
0.113
0.079 0.063
0.079
0.09 0.06
0.09
0.085 0.056
0.085
0.066 0.073
0.073
0.09 0.065
0.09
0.083 0.076
0.083
0.067 0.073
0.073
0.071 0.063
0.071
0.091 0.052
0.091
0.076 0.064
0.076
0.086 0.047
0.086
0.066 0.069
0.069
0.087 0.07
0.087
0.077 0.062
0.077
0 0
0
0 0
0
0 0
0
0 0
0
0 0
0
0 0
0
0.077 0.097
0.097
0.111 0.064
0.111
0.081 0.108
0.108
0.082 0.088
0.088
0.061 0.102
0.102
0.056 0.081
0.081
0.072 0.081
0.081
0.068 0.095
0.095
0.08 0.09
0.09
0 0
0
0 0
0
0 0
0
0 0
0
0 0
0
0 0
0
0 0
0
0 0
0
0 0
0
0 0
0
0 0
0
0 0
0
0 0
0
0 0
0
0 0
0
0 0
0
0 0
0
0 0
0
0 0
0
0.063 0.056
0.063
0.114 0.071
0.114
0.035 0.052
0.052
0.058 0.053
0.058
0.077 0.079
0.079
0.086 0.066
0.086
0.076 0.06
0.076
0.059 0.067
0.067
0.064 0.07
0.07
0.086 0.05
0.086
0.091 0.053
0.091
0.068 0.075
0.075
0.071 0.048
0.071
0.049 0.067
0.067
0.066 0.056
0.066
0.079 0.086
0.086
0.067 0.066
0.067
0.057 0.069
0.069
0.08 0.072
0.08
0.085 0.094
0.094
0.061 0.05
0.061
0.069 0.062
0.069
0.077 0.066
0.077
0.081 0.072
0.081
0.07 0.085
0.085
0.096 0.094
0.096
0.075 0.073
0.075
0.056 0.073
0.073
0.077 0.078
0.078
0.067 0.044
0.067
0.083 0.09
0.09
0.068 0.043
0.068
0.08 0.066
0.08
0.056 0.052
0.056
0.089 0.062
0.089
0.06 0.076
0.076
0.075 0.077
0.077
0.088 0.08
0.088
0.066 0.062
0.066
0.077 0.083
0.083
0.085 0.074
0.085
0.07 0.056
0.07
0.077 0.061
0.077
0.059 0.079
0.079
0.061 0.085
0.085
0.074 0.066
0.074
0.056 0.065
0.065
0.079 0.083
0.083
0.074 0.071
0.074
0.08 0.06
0.08
0.063 0.075
0.075
0.083 0.071
0.083
0.053 0.061
0.061
0.067 0.069
0.069
0.071 0.06
0.071
0.055 0.057
0.057
0.073 0.077
0.077
0.086 0.073
0.086
0.092 0.09
0.092
0.085 0.069
0.085
0.096 0.09
0.096
0.081 0.065
0.081
0.062 0.056
0.062
0.069 0.057
0.069
0.105 0.096
0.105
0.08 0.054
0.08
0.083 0.071
0.083
0.055 0.06
0.06
0.069 0.067
0.069
0.073 0.065
0.073
0.073 0.068
0.073
0.088 0.087
0.088
0.084 0.074
0.084
0.055 0.058
0.058
0.09 0.052
0.09
0.065 0.078
0.078
0.079 0.067
0.079
0.073 0.068
0.073
0.08 0.091
0.091
0.067 0.061
0.067
0.08 0.075
0.08
0.07 0.067
0.07
0.079 0.086
0.086
0.095 0.069
0.095
0.08 0.101
0.101
0.098 0.059
0.098
0.087 0.06
0.087
0.076 0.069
0.076
0.073 0.068
0.073
0.096 0.076
0.096
0.073 0.059
0.073
0.075 0.077
0.077
0.077 0.065
0.077
0.075 0.061
0.075
0.088 0.073
0.088
0.053 0.069
0.069
0.073 0.067
0.073
0.079 0.069
0.079
0.073 0.083
0.083
0.101 0.078
0.101
0.082 0.059
0.082
0.08 0.058
0.08
0.069 0.059
0.069
0.072 0.087
0.087
0.101 0.069
0.101
0.06 0.054
0.06
0.076 0.07
0.076
0.081 0.086
0.086
0.064 0.059
0.064
0.082 0.079
0.082
0.068 0.077
0.077
0.072 0.066
0.072
0.073 0.076
0.076
0.095 0.053
0.095
0.077 0.074
0.077
0.076 0.089
0.089
0.109 0.056
0.109
0.081 0.054
0.081
0.067 0.076
0.076
0.117 0.108
0.117
0.082 0.096
0.096
0.064 0.063
0.064
0.07 0.044
0.07
0.079 0.076
0.079
0.098 0.056
0.098
0.086 0.049
0.086
0.083 0.089
0.089
0.062 0.06
0.062
0.073 0.063
0.073
0.083 0.046
0.083
0.074 0.058
0.074
0.087 0.066
0.087
0.068 0.055
0.068
0.087 0.049
0.087
0 0
0
0 0
0
0 0
0
0 0
0
0 0
0
0 0
0
0 0
0
0 0
0
0 0
0
0 0
0
0 0
0
0.069 0.042
0.069
0.093 0.059
0.093
0.07 0.077
0.077
0.085 0.061
0.085
0.082 0.08
0.082
0.061 0.063
0.063
0.087 0.045
0.087
0.069 0.079
0.079
0.107 0.053
0.107
0.07 0.072
0.072
0.068 0.065
0.068
0.088 0.066
0.088
0.063 0.06
0.063
0.074 0.051
0.074
0.071 0.07
0.071
0.08 0.067
0.08
0.077 0.07
0.077
0.075 0.067
0.075
0.08 0.075
0.08
0.075 0.066
0.075
0.052 0.063
0.063
0.079 0.05
0.079
0.067 0.085
0.085
0.07 0.06
0.07
0.062 0.075
0.075
0.079 0.07
0.079
0.077 0.076
0.077
0.066 0.056
0.066
0.081 0.062
0.081
0.084 0.058
0.084
0.074 0.059
0.074
0.082 0.072
0.082
0.079 0.057
0.079
0.067 0.075
0.075
0.073 0.087
0.087
0.083 0.068
0.083
0.071 0.061
0.071
0.08 0.065
0.08
0.075 0.059
0.075
0.092 0.079
0.092
0.065 0.044
0.065
0.06 0.063
0.063
0.082 0.079
0.082
0.068 0.065
0.068
0.075 0.087
0.087
0.063 0.053
0.063
0.073 0.094
0.094
0.081 0.068
0.081
0.078 0.082
0.082
0.054 0.055
0.055
0.074 0.077
0.077
0.066 0.06
0.066
0.07 0.078
0.078
0.054 0.048
0.054
0.049 0.062
0.062
0.046 0.064
0.064
0.095 0.089
0.095
0.056 0.066
0.066
0.058 0.084
0.084
0.077 0.069
0.077
0.074 0.075
0.075
0.079 0.083
0.083
0.061 0.072
0.072
0.069 0.058
0.069
0.073 0.057
0.073
0.091 0.074
0.091
0.072 0.071
0.072
0.065 0.073
0.073
0.082 0.07
0.082
0.062 0.069
0.069
0.078 0.081
0.081
0.084 0.071
0.084
0.073 0.084
0.084
0.059 0.054
0.059
0.063 0.068
0.068
0.069 0.061
0.069
0.07 0.066
0.07
0.082 0.076
0.082
0.082 0.077
0.082
0.086 0.089
0.089
0.069 0.074
0.074
0.068 0.057
0.068
0.062 0.061
0.062
0.082 0.054
0.082
0.076 0.077
0.077
0.063 0.093
0.093
0.044 0.075
0.075
0.061 0.074
0.074
0.091 0.086
0.091
0.065 0.079
0.079
0.061 0.07
0.07
0.066 0.079
0.079
0.087 0.071
0.087
0.069 0.067
0.069
0.072 0.065
0.072
0.06 0.075
0.075
0.056 0.06
0.06
0.067 0.065
0.067
0.073 0.066
0.073
0.07 0.064
0.07
0.064 0.073
0.073
0.065 0.074
0.074
0.058 0.074
0.074
0.082 0.069
0.082
0.074 0.075
0.075
0.066 0.067
0.067
0.077 0.095
0.095
0.05 0.064
0.064
0.059 0.076
0.076
0 0
0
0 0
0
0 0
0
0 0
0
0 0
0
0 0
0
0.079 0.055
0.079
0.062 0.047
0.062
0.083 0.057
0.083
0.09 0.096
0.096
0.074 0.087
0.087
0.073 0.065
0.073
0.063 0.058
0.063
0.06 0.049
0.06
0.067 0.082
0.082
0.079 0.067
0.079
0.077 0.062
0.077
0.059 0.074
0.074
0.057 0.067
0.067
0.053 0.084
0.084
0.07 0.071
0.071
0.064 0.07
0.07
0.068 0.062
0.068
0.054 0.058
0.058
0.082 0.078
0.082
0.06 0.055
0.06
0.05 0.079
0.079
0.053 0.049
0.053
0.067 0.058
0.067
0.06 0.051
0.06
0.08 0.067
0.08
0.076 0.057
0.076
0.049 0.06
0.06
0.054 0.047
0.054
0.072 0.055
0.072
0.058 0.071
0.071
0.064 0.068
0.068
0.093 0.058
0.093
0.063 0.061
0.063
0.072 0.059
0.072
0.067 0.078
0.078
0.079 0.095
0.095
0.048 0.069
0.069
0.051 0.035
0.051
0.086 0.064
0.086
0.058 0.052
0.058
0.056 0.057
0.057
0.049 0.076
0.076
0.051 0.074
0.074
0.067 0.093
0.093
0.049 0.043
0.049
0.04 0.054
0.054
0.054 0.047
0.054
0.063 0.06
0.063
0.05 0.076
0.076
0.065 0.056
0.065
0.055 0.054
0.055
0.049 0.053
0.053
0.07 0.085
0.085
0.048 0.054
0.054
0.06 0.076
0.076
0.056 0.061
0.061
0.047 0.054
0.054
0.082 0.073
0.082
0.095 0.082
0.095
0.085 0.065
0.085
0.086 0.085
0.086
0.076 0.087
0.087
0.101 0.081
0.101
0.096 0.082
0.096
0.078 0.056
0.078
0.081 0.066
0.081
0.101 0.091
0.101
0.091 0.089
0.091
0.064 0.052
0.064
0.098 0.102
0.102
0.088 0.085
0.088
0.083 0.09
0.09
0.087 0.082
0.087
0.066 0.072
0.072
0.066 0.064
0.066
0.077 0.069
0.077
0.074 0.065
0.074
0.088 0.076
0.088
0.075 0.081
0.081
0.086 0.091
0.091
0.088 0.072
0.088
0.06 0.068
0.068
0.077 0.074
0.077
0.086 0.073
0.086
0.075 0.083
0.083
0.077 0.065
0.077
0.088 0.055
0.088
0.075 0.054
0.075
0.084 0.052
0.084
0.077 0.058
0.077
0.076 0.053
0.076
0.088 0.067
0.088
0.084 0.067
0.084
0.078 0.069
0.078
0.085 0.068
0.085
0.091 0.073
0.091
0.043 0.044
0.044
0.073 0.056
0.073
0.058 0.046
0.058
0.074 0.062
0.074
0.079 0.059
0.079
0.08 0.065
0.08
0.081 0.074
0.081
0.054 0.059
0.059
0.076 0.043
0.076
0.083 0.079
0.083
0.065 0.08
0.08
0.045 0.048
0.048
0.059 0.055
0.059
0.062 0.057
0.062
0.056 0.058
0.058
0.071 0.075
0.075
0.066 0.071
0.071
0.066 0.059
0.066
0.085 0.081
0.085
0.057 0.088
0.088
0.068 0.082
0.082
0.048 0.069
0.069
0.086 0.076
0.086
0.051 0.069
0.069
0.055 0.088
0.088
0.045 0.067
0.067
0.066 0.076
0.076
0.087 0.066
0.087
0.091 0.058
0.091
0.059 0.074
0.074
0.07 0.073
0.073
0.074 0.069
0.074
0.059 0.071
0.071
0.049 0.077
0.077
0.067 0.071
0.071
0.07 0.084
0.084
0.058 0.095
0.095
0.058 0.067
0.067
0.072 0.084
0.084
0.053 0.065
0.065
0.074 0.081
0.081
0.093 0.107
0.107
0.077 0.062
0.077
0.066 0.083
0.083
0.066 0.077
0.077
0.072 0.071
0.072
0.07 0.079
0.079
0.047 0.086
0.086
0.051 0.07
0.07
0.06 0.082
0.082
0.082 0.078
0.082
0.073 0.069
0.073
0.093 0.048
0.093
0.07 0.049
0.07
0.067 0.06
0.067
0.071 0.063
0.071
0.052 0.056
0.056
0.078 0.069
0.078
0.065 0.079
0.079
0.05 0.049
0.05
0.076 0.074
0.076
0.094 0.07
0.094
0.067 0.069
0.069
0.08 0.081
0.081
0.061 0.091
0.091
0.07 0.052
0.07
0.081 0.068
0.081
0.065 0.056
0.065
0.081 0.072
0.081
0.05 0.061
0.061
0.077 0.072
0.077
0.053 0.059
0.059
0.071 0.083
0.083
0.084 0.061
0.084
0.079 0.082
0.082
0.087 0.081
0.087
0.074 0.069
0.074
0.077 0.076
0.077
0.109 0.073
0.109
0.081 0.077
0.081
0.083 0.055
0.083
0.081 0.073
0.081
0.087 0.097
0.097
0.054 0.069
0.069
0.068 0.063
0.068
0.088 0.067
0.088
0.069 0.064
0.069
0.07 0.076
0.076
0.079 0.05
0.079
0.073 0.07
0.073
0.069 0.078
0.078
0.079 0.082
0.082
0.07 0.064
0.07
0.066 0.058
0.066
0.065 0.064
0.065
0.06 0.063
0.063
0.058 0.072
0.072
0.066 0.075
0.075
0.068 0.079
0.079
0.077 0.074
0.077
0.049 0.067
0.067
0.082 0.064
0.082
0.079 0.094
0.094
0.057 0.076
0.076
0.076 0.077
0.077
0.076 0.083
0.083
0.054 0.076
0.076
0.089 0.078
0.089
0.105 0.057
0.105
0.069 0.063
0.069
0.086 0.071
0.086
0.056 0.081
0.081
0.111 0.072
0.111
0.072 0.052
0.072
0.062 0.075
0.075
0.062 0.081
0.081
0.094 0.078
0.094
0.064 0.063
0.064
0.08 0.051
0.08
0.076 0.059
0.076
0.06 0.087
0.087
0.072 0.063
0.072
0.081 0.072
0.081
0.088 0.101
0.101
0.093 0.076
0.093
0.063 0.065
0.065
0.061 0.069
0.069
0.076 0.064
0.076
0.072 0.073
0.073
0.082 0.076
0.082
0.083 0.066
0.083
0.102 0.092
0.102
0.065 0.072
0.072
0.086 0.075
0.086
0.076 0.088
0.088
0.082 0.078
0.082
0.087 0.083
0.087
0.071 0.069
0.071
0.069 0.061
0.069
0.059 0.074
0.074
0.074 0.063
0.074
0.072 0.082
0.082
0.068 0.047
0.068
0.083 0.06
0.083
0.068 0.053
0.068
0.071 0.06
0.071
0.066 0.076
0.076
0.071 0.049
0.071
0.069 0.07
0.07
0.067 0.058
0.067
0.07 0.066
0.07
0.058 0.067
0.067
0.07 0.084
0.084
0.077 0.074
0.077
0.073 0.064
0.073
0.058 0.055
0.058
0.057 0.077
0.077
0.07 0.081
0.081
0.064 0.062
0.064
0.075 0.058
0.075
0.082 0.07
0.082
0.065 0.073
0.073
0.062 0.049
0.062
0.06 0.069
0.069
0.043 0.066
0.066
0.092 0.084
0.092
0.076 0.079
0.079
0.072 0.071
0.072
0.066 0.051
0.066
0.059 0.07
0.07
0.062 0.072
0.072
0.116 0.089
0.116
0.072 0.073
0.073
0.087 0.093
0.093
0.071 0.077
0.077
0.073 0.078
0.078
0.089 0.072
0.089
0.075 0.072
0.075
0.071 0.066
0.071
0.076 0.083
0.083
0.051 0.071
0.071
0.085 0.075
0.085
0.055 0.077
0.077
0.056 0.07
0.07
0.071 0.082
0.082
0.082 0.088
0.088
0.093 0.07
0.093
0.069 0.101
0.101
0.079 0.069
0.079
0 0
0
0 0
0
0 0
0
0 0
0
0 0
0
0.069 0.061
0.069
0.089 0.058
0.089
0.078 0.089
0.089
0.07 0.049
0.07
0.087 0.061
0.087
0.072 0.053
0.072
0.073 0.076
0.076
0.055 0.052
0.055
0.088 0.059
0.088
0.073 0.065
0.073
0 0
0
0 0
0
0 0
0
0 0
0
0 0
0
0 0
0
0 0
0
0 0
0
0 0
0
0 0
0
0 0
0
0 0
0
0 0
0
0 0
0
0 0
0
0 0
0
0 0
0
0 0
0
0 0
0
0 0
0
0.051 0.071
0.071
0.049 0.08
0.08
0.06 0.063
0.063
0.066 0.075
0.075
0.063 0.072
0.072
0.064 0.081
0.081
0.048 0.067
0.067
0.068 0.075
0.075
0.08 0.086
0.086
0.056 0.052
0.056
0.058 0.077
0.077
0.064 0.062
0.064
0.065 0.063
0.065
0.065 0.067
0.067
0.055 0.068
0.068
0.075 0.088
0.088
0.06 0.074
0.074
0.064 0.058
0.064
0.077 0.073
0.077
0.068 0.065
0.068
0.049 0.087
0.087
0.068 0.071
0.071
0.052 0.054
0.054
0.073 0.068
0.073
0 0
0
0 0
0
0 0
0
0 0
0
0 0
0
0 0
0
0.082 0.06
0.082
0.089 0.074
0.089
0.069 0.05
0.069
0.056 0.05
0.056
0.075 0.067
0.075
0.092 0.081
0.092
0.074 0.067
0.074
0.069 0.052
0.069
0.093 0.065
0.093
0.075 0.054
0.075
0.078 0.062
0.078
0.07 0.048
0.07
0.049 0.044
0.049
0.072 0.052
0.072
0.057 0.045
0.057
0.069 0.059
0.069
0.059 0.054
0.059
0.064 0.052
0.064
0.067 0.057
0.067
0.091 0.089
0.091
0.061 0.055
0.061
0.057 0.044
0.057
0.058 0.056
0.058
0.056 0.055
0.056
0.059 0.062
0.062
0.06 0.066
0.066
0.057 0.055
0.057
0.056 0.075
0.075
0.061 0.069
0.069
0.079 0.082
0.082
0.071 0.064
0.071
0.064 0.062
0.064
0.073 0.07
0.073
0.072 0.065
0.072
0.05 0.071
0.071
0.071 0.061
0.071
0.057 0.048
0.057
0.098 0.075
0.098
0.07 0.058
0.07
0.077 0.064
0.077
0.069 0.074
0.074
0.047 0.065
0.065
0.062 0.088
0.088
0.05 0.082
0.082
0.049 0.06
0.06
0.069 0.077
0.077
0.069 0.091
0.091
0.054 0.06
0.06
0.054 0.059
0.059
0.069 0.084
0.084
0.058 0.091
0.091
0.065 0.095
0.095
0.053 0.065
0.065
0.06 0.071
0.071
0.054 0.076
0.076
0.059 0.081
0.081
0.078 0.073
0.078
0.077 0.081
0.081
0.069 0.075
0.075
0.058 0.072
0.072
0.083 0.081
0.083
0.087 0.066
0.087
0.08 0.081
0.081
0.089 0.09
0.09
0.101 0.065
0.101
0.066 0.071
0.071
0.076 0.078
0.078
0.075 0.082
0.082
0.069 0.079
0.079
0.058 0.069
0.069
0.068 0.074
0.074
0.066 0.09
0.09
0.076 0.08
0.08
0.088 0.082
0.088
0.074 0.09
0.09
0.052 0.075
0.075
0.074 0.088
0.088
0 0
0
0 0
0
0 0
0
0 0
0
0 0
0
0 0
0
0.076 0.073
0.076
0.084 0.077
0.084
0.072 0.062
0.072
0.089 0.061
0.089
0.082 0.086
0.086
0.077 0.059
0.077
0.072 0.069
0.072
0.07 0.064
0.07
0.081 0.08
0.081
0.085 0.053
0.085
0.086 0.083
0.086
0.078 0.092
0.092
0.066 0.044
0.066
0.085 0.088
0.088
0.074 0.087
0.087
0.067 0.064
0.067
0.08 0.069
0.08
0.086 0.076
0.086
0.067 0.064
0.067
0.074 0.06
0.074
0.081 0.069
0.081
0.059 0.054
0.059
0.057 0.074
0.074
0.087 0.068
0.087
0.088 0.071
0.088
0.076 0.085
0.085
0.054 0.085
0.085
0.074 0.069
0.074
0.065 0.077
0.077
0.097 0.072
0.097
0.068 0.08
0.08
0.083 0.063
0.083
0.063 0.058
0.063
0.07 0.085
0.085
0.064 0.075
0.075
0.077 0.058
0.077
0.079 0.064
0.079
0.104 0.064
0.104
0.086 0.058
0.086
0.09 0.062
0.09
0.065 0.09
0.09
0.078 0.076
0.078
0.061 0.084
0.084
0.075 0.085
0.085
0.046 0.058
0.058
0.051 0.069
0.069
0.059 0.069
0.069
0.07 0.087
0.087
0.078 0.079
0.079
0.055 0.075
0.075
0.07 0.076
0.076
0.075 0.074
0.075
0.049 0.077
0.077
0.084 0.088
0.088
0.067 0.065
0.067
0.055 0.07
0.07
0.061 0.096
0.096
0.084 0.079
0.084
0.061 0.063
0.063
0.083 0.089
0.089
0.058 0.073
0.073
0.06 0.075
0.075
0.064 0.059
0.064
0.088 0.094
0.094
0.068 0.07
0.07
0.071 0.091
0.091
0.061 0.074
0.074
0.063 0.048
0.063
0.054 0.059
0.059
0.072 0.073
0.073
0.079 0.076
0.079
0.042 0.056
0.056
0.047 0.073
0.073
0.062 0.081
0.081
0.06 0.058
0.06
0.073 0.061
0.073
0.08 0.083
0.083
0.068 0.057
0.068
0.061 0.071
0.071
0.071 0.069
0.071
0.052 0.076
0.076
0.053 0.072
0.072
0.07 0.072
0.072
0.056 0.067
0.067
0.096 0.058
0.096
0.059 0.056
0.059
0.092 0.071
0.092
0.067 0.085
0.085
0.073 0.067
0.073
0.08 0.084
0.084
0.079 0.066
0.079
0.081 0.068
0.081
0.071 0.068
0.071
0.069 0.048
0.069
0.068 0.077
0.077
0.072 0.057
0.072
0.082 0.052
0.082
0.069 0.05
0.069
0.081 0.063
0.081
0.071 0.057
0.071
0.066 0.076
0.076
0.08 0.065
0.08
0.08 0.066
0.08
0.097 0.089
0.097
0.076 0.06
0.076
0.081 0.07
0.081
0.068 0.052
0.068
0.092 0.075
0.092
0.062 0.064
0.064
0.075 0.08
0.08
0.085 0.066
0.085
0.067 0.056
0.067
0.082 0.071
0.082
0.071 0.063
0.071
0.071 0.098
0.098
0.121 0.08
0.121
0.092 0.105
0.105
0.112 0.086
0.112
0.067 0.097
0.097
0.07 0.087
0.087
0.094 0.074
0.094
0.11 0.078
0.11
0.094 0.103
0.103
0.05 0.08
0.08
0.128 0.054
0.128
0.095 0.072
0.095
0.08 0.085
0.085
0.101 0.088
0.101
0.093 0.097
0.097
0.082 0.08
0.082
0.057 0.058
0.058
0.109 0.105
0.109
0.107 0.093
0.107
0.108 0.104
0.108
0.092 0.084
0.092
0.078 0.083
0.083
0.077 0.07
0.077
0.084 0.081
0.084
0.088 0.076
0.088
0.067 0.07
0.07
0.086 0.066
0.086
0.077 0.066
0.077
0.064 0.087
0.087
0.049 0.07
0.07
0.061 0.068
0.068
0.09 0.091
0.091
0.087 0.076
0.087
0.061 0.072
0.072
0.073 0.061
0.073
0.067 0.08
0.08
0.062 0.048
0.062
0.068 0.074
0.074
0.088 0.048
0.088
0.062 0.053
0.062
0.067 0.059
0.067
0.068 0.038
0.068
0.083 0.046
0.083
0.073 0.047
0.073
0.057 0.04
0.057
0.064 0.067
0.067
0.072 0.039
0.072
0.067 0.06
0.067
0.055 0.045
0.055
0.093 0.065
0.093
0.083 0.058
0.083
0.076 0.052
0.076
0.079 0.044
0.079
0.072 0.047
0.072
0.069 0.053
0.069
0.092 0.082
0.092
0.075 0.059
0.075
0.078 0.044
0.078
0.084 0.08
0.084
0.094 0.079
0.094
0.063 0.059
0.063
0.088 0.083
0.088
0.077 0.054
0.077
0.073 0.052
0.073
0.088 0.067
0.088
0.062 0.078
0.078
0.076 0.073
0.076
0.091 0.061
0.091
0.083 0.067
0.083
0.088 0.062
0.088
0.068 0.096
0.096
0.094 0.085
0.094
0.065 0.06
0.065
0.09 0.074
0.09
0.081 0.058
0.081
0.07 0.053
0.07
0.087 0.062
0.087
0.08 0.101
0.101
0.082 0.079
0.082
0.067 0.048
0.067
0.073 0.056
0.073
0.061 0.041
0.061
0.056 0.059
0.059
0.07 0.057
0.07
0.067 0.042
0.067
0.075 0.053
0.075
0.069 0.04
0.069
0.076 0.073
0.076
0.083 0.063
0.083
0.038 0.048
0.048
0.072 0.075
0.075
0.057 0.043
0.057
0.066 0.056
0.066
0.052 0.087
0.087
0.062 0.05
0.062
0.074 0.051
0.074
0.076 0.045
0.076
0.065 0.069
0.069
0.078 0.066
0.078
0.076 0.061
0.076
0.065 0.045
0.065
0.068 0.053
0.068
0.048 0.045
0.048
0.077 0.067
0.077
0.064 0.045
0.064
0.061 0.053
0.061
0.063 0.058
0.063
0.057 0.053
0.057
0.07 0.049
0.07
0.065 0.04
0.065
0.075 0.056
0.075
0.093 0.074
0.093
0.082 0.074
0.082
0.071 0.092
0.092
0.076 0.066
0.076
0.096 0.062
0.096
0.069 0.057
0.069
0.063 0.081
0.081
0.08 0.072
0.08
0.066 0.072
0.072
0.056 0.062
0.062
0.095 0.101
0.101
0.047 0.081
0.081
0 0
0
0 0
0
0 0
0
0 0
0
0 0
0
0 0
0
0 0
0
0 0
0
0 0
0
0 0
0
0 0
0
0 0
0
0 0
0
0 0
0
0 0
0
0 0
0
0 0
0
0.059 0.053
0.059
0.069 0.066
0.069
0.103 0.085
0.103
0.088 0.064
0.088
0.076 0.067
0.076
0.063 0.057
0.063
0.07 0.063
0.07
0.048 0.038
0.048
0.07 0.064
0.07
0.078 0.052
0.078
0.086 0.061
0.086
0.08 0.043
0.08
0.076 0.049
0.076
0.075 0.071
0.075
0.095 0.07
0.095
0.072 0.075
0.075
0.07 0.077
0.077
0.068 0.081
0.081
0.072 0.058
0.072
0.056 0.065
0.065
0.058 0.059
0.059
0.075 0.063
0.075
0.06 0.058
0.06
0.078 0.07
0.078
0.075 0.062
0.075
0.079 0.074
0.079
0.069 0.058
0.069
0.071 0.066
0.071
0.083 0.059
0.083
0.067 0.063
0.067
0.079 0.056
0.079
0.077 0.051
0.077
0.093 0.065
0.093
0.074 0.077
0.077
0.049 0.064
0.064
0.078 0.084
0.084
0.085 0.073
0.085
0.063 0.06
0.063
0.064 0.047
0.064
0.077 0.074
0.077
0.068 0.053
0.068
0.079 0.068
0.079
0.086 0.079
0.086
0.089 0.095
0.095
0.08 0.067
0.08
0.084 0.074
0.084
0.072 0.081
0.081
0.06 0.068
0.068
0.058 0.081
0.081
0.059 0.053
0.059
0.064 0.05
0.064
0.072 0.081
0.081
0.083 0.064
0.083
0.052 0.074
0.074
0.075 0.069
0.075
