1859 2 1
303 253 
303 
290 266 
290 
282 323 
323 
241 286 
286 
262 315 
315 
286 241 
286 
270 225 
270 
233 253 
253 
303 278 
303 
245 282 
282 
286 253 
286 
258 290 
290 
188 237 
237 
331 229 
331 
299 294 
299 
155 278 
278 
270 286 
286 
348 319 
348 
270 245 
270 
229 245 
245 
315 274 
315 
184 225 
225 
299 229 
299 
221 274 
274 
282 290 
290 
303 258 
303 
233 196 
233 
270 196 
270 
278 299 
299 
315 335 
335 
208 266 
266 
258 217 
258 
303 245 
303 
196 356 
356 
319 331 
331 
225 327 
327 
200 221 
221 
253 307 
307 
368 319 
368 
241 299 
299 
344 294 
344 
274 299 
299 
229 331 
331 
278 229 
278 
327 266 
327 
204 299 
299 
245 176 
245 
282 208 
282 
229 221 
229 
237 245 
245 
245 274 
274 
212 229 
229 
274 221 
274 
372 323 
372 
249 241 
249 
307 278 
307 
192 294 
294 
364 339 
364 
274 229 
274 
294 245 
294 
270 262 
270 
356 278 
356 
282 262 
282 
380 315 
380 
274 270 
274 
274 303 
303 
425 241 
425 
274 253 
274 
372 344 
372 
331 229 
331 
331 225 
331 
327 204 
327 
294 356 
356 
360 253 
360 
294 335 
335 
262 270 
270 
278 319 
319 
245 303 
303 
262 270 
270 
311 286 
311 
212 282 
282 
294 360 
360 
372 237 
372 
356 299 
356 
286 262 
286 
360 307 
360 
282 303 
303 
241 200 
241 
303 323 
323 
233 303 
303 
364 323 
364 
204 278 
278 
258 282 
282 
262 380 
380 
266 380 
380 
188 303 
303 
233 356 
356 
274 253 
274 
270 335 
335 
274 155 
274 
241 290 
290 
192 274 
274 
245 270 
270 
221 229 
229 
159 294 
294 
249 299 
299 
225 253 
253 
217 237 
237 
299 237 
299 
294 290 
294 
196 233 
233 
294 286 
294 
339 364 
364 
335 376 
376 
364 237 
364 
286 274 
286 
348 315 
348 
241 237 
241 
311 282 
311 
274 282 
282 
278 286 
286 
323 262 
323 
409 167 
409 
311 286 
311 
278 241 
278 
270 196 
270 
299 311 
311 
278 323 
323 
385 405 
405 
274 286 
286 
245 360 
360 
282 233 
282 
229 266 
266 
262 233 
262 
253 282 
282 
258 290 
290 
204 262 
262 
258 278 
278 
331 356 
356 
196 274 
274 
356 253 
356 
299 270 
299 
270 331 
331 
176 253 
253 
253 331 
331 
253 225 
253 
307 299 
307 
204 282 
282 
266 274 
274 
278 327 
327 
249 294 
294 
389 262 
389 
282 258 
282 
290 323 
323 
245 286 
286 
303 290 
303 
307 274 
307 
278 290 
290 
397 380 
397 
266 258 
266 
196 270 
270 
266 233 
266 
237 249 
249 
299 352 
352 
253 360 
360 
315 270 
315 
217 311 
311 
331 344 
344 
241 323 
323 
319 335 
335 
217 229 
229 
303 249 
303 
278 233 
278 
315 200 
315 
331 253 
331 
323 200 
323 
389 274 
389 
352 204 
352 
221 258 
258 
192 262 
262 
180 176 
180 
282 196 
282 
417 253 
417 
303 241 
303 
266 233 
266 
282 217 
282 
249 245 
249 
290 208 
290 
282 237 
282 
249 221 
249 
282 208 
282 
327 311 
327 
282 270 
282 
204 184 
204 
258 237 
258 
225 311 
311 
299 253 
299 
315 200 
315 
233 237 
237 
184 208 
208 
290 208 
290 
237 151 
237 
290 233 
290 
294 237 
294 
348 221 
348 
229 253 
253 
282 163 
282 
266 200 
266 
278 303 
303 
290 143 
290 
262 270 
270 
327 204 
327 
253 245 
253 
167 229 
229 
294 241 
294 
229 200 
229 
249 217 
249 
176 311 
311 
249 327 
327 
217 200 
217 
184 167 
184 
180 233 
233 
262 278 
278 
237 258 
258 
299 229 
299 
258 225 
258 
233 253 
253 
315 299 
315 
319 315 
319 
327 253 
327 
413 225 
413 
315 245 
315 
294 286 
294 
241 237 
241 
311 270 
311 
266 262 
266 
389 278 
389 
208 217 
217 
335 286 
335 
335 266 
335 
290 307 
307 
266 303 
303 
249 229 
249 
344 249 
344 
339 299 
339 
262 311 
311 
368 270 
368 
335 290 
335 
327 176 
327 
237 258 
258 
307 225 
307 
339 163 
339 
352 331 
352 
278 225 
278 
225 262 
262 
249 229 
249 
208 184 
208 
438 249 
438 
393 286 
393 
335 294 
335 
360 245 
360 
327 352 
352 
217 245 
245 
319 249 
319 
335 274 
335 
360 208 
360 
278 221 
278 
368 237 
368 
274 200 
274 
323 270 
323 
331 253 
331 
389 364 
389 
360 245 
360 
278 331 
331 
393 278 
393 
311 258 
311 
319 270 
319 
278 258 
278 
413 327 
413 
348 286 
348 
294 290 
294 
282 307 
307 
331 327 
331 
286 229 
286 
319 237 
319 
335 294 
335 
344 323 
344 
270 274 
274 
335 262 
335 
229 188 
229 
307 331 
331 
344 237 
344 
393 344 
393 
311 323 
323 
294 208 
294 
331 192 
331 
339 327 
339 
241 274 
274 
327 278 
327 
262 299 
299 
270 327 
327 
311 360 
360 
307 266 
307 
344 274 
344 
294 282 
294 
311 282 
311 
266 217 
266 
233 221 
233 
352 323 
352 
393 237 
393 
278 307 
307 
331 294 
331 
327 290 
327 
294 368 
368 
241 315 
315 
380 331 
380 
229 319 
319 
331 286 
331 
315 286 
315 
319 237 
319 
262 282 
282 
233 229 
233 
221 249 
249 
229 270 
270 
253 331 
331 
405 385 
405 
253 360 
360 
303 344 
344 
282 352 
352 
294 315 
315 
241 290 
290 
270 319 
319 
253 356 
356 
249 344 
344 
262 339 
339 
385 393 
393 
266 245 
266 
454 315 
454 
339 385 
385 
397 262 
397 
372 225 
372 
339 303 
339 
372 368 
372 
303 262 
303 
270 294 
294 
323 282 
323 
348 270 
348 
327 258 
327 
335 241 
335 
352 196 
352 
315 323 
323 
323 233 
323 
241 294 
294 
282 266 
282 
389 245 
389 
274 188 
274 
319 229 
319 
327 266 
327 
364 372 
372 
339 258 
339 
364 278 
364 
0 0 
0 
0 0 
0 
0 0 
0 
0 0 
0 
0 0 
0 
385 307 
385 
331 344 
344 
339 393 
393 
286 241 
286 
274 344 
344 
385 360 
385 
241 278 
278 
258 274 
274 
319 290 
319 
389 315 
389 
360 282 
360 
323 225 
323 
356 331 
356 
229 307 
307 
266 327 
327 
294 311 
311 
339 331 
339 
290 262 
290 
258 290 
290 
233 290 
290 
278 303 
303 
237 307 
307 
339 290 
339 
274 290 
290 
221 233 
233 
290 262 
290 
225 323 
323 
266 208 
266 
286 282 
286 
294 225 
294 
323 229 
323 
253 335 
335 
294 368 
368 
249 294 
294 
339 208 
339 
270 278 
278 
217 270 
270 
315 278 
315 
258 262 
262 
245 229 
245 
307 253 
307 
278 225 
278 
323 307 
323 
282 311 
311 
258 245 
258 
368 253 
368 
225 278 
278 
339 253 
339 
290 278 
290 
409 290 
409 
299 188 
299 
331 364 
364 
344 327 
344 
307 249 
307 
319 278 
319 
290 376 
376 
376 294 
376 
356 274 
356 
303 364 
364 
327 294 
327 
299 348 
348 
323 307 
323 
323 196 
323 
315 299 
315 
323 245 
323 
319 356 
356 
339 282 
339 
352 385 
385 
282 323 
323 
331 356 
356 
303 315 
315 
278 327 
327 
196 286 
286 
311 286 
311 
212 368 
368 
245 311 
311 
348 323 
348 
274 380 
380 
266 311 
311 
286 335 
335 
270 348 
348 
253 262 
262 
241 339 
339 
262 307 
307 
356 319 
356 
376 208 
376 
258 294 
294 
241 294 
294 
249 221 
249 
352 335 
352 
253 266 
266 
274 225 
274 
434 221 
434 
270 348 
348 
200 237 
237 
368 221 
368 
266 270 
270 
315 331 
331 
282 331 
331 
229 208 
229 
274 237 
274 
311 319 
319 
270 196 
270 
335 253 
335 
299 294 
299 
425 442 
442 
327 311 
327 
278 212 
278 
245 307 
307 
323 286 
323 
348 323 
348 
319 311 
319 
290 339 
339 
307 335 
335 
360 286 
360 
229 258 
258 
368 258 
368 
344 327 
344 
286 200 
286 
327 184 
327 
249 225 
249 
348 311 
348 
262 352 
352 
376 233 
376 
249 221 
249 
212 286 
286 
286 274 
286 
274 327 
327 
233 274 
274 
294 327 
327 
258 311 
311 
245 266 
266 
262 245 
262 
290 241 
290 
290 258 
290 
339 290 
339 
274 335 
335 
303 212 
303 
299 307 
307 
315 335 
335 
208 266 
266 
258 217 
258 
303 245 
303 
196 356 
356 
319 331 
331 
225 327 
327 
200 221 
221 
253 307 
307 
368 319 
368 
241 299 
299 
344 294 
344 
274 299 
299 
229 331 
331 
278 229 
278 
327 266 
327 
204 299 
299 
245 176 
245 
282 208 
282 
229 221 
229 
237 245 
245 
245 274 
274 
212 229 
229 
274 221 
274 
372 323 
372 
249 241 
249 
307 278 
307 
192 294 
294 
364 339 
364 
274 229 
274 
311 286 
311 
315 266 
315 
327 253 
327 
327 270 
327 
307 253 
307 
311 352 
352 
262 311 
311 
319 274 
319 
233 303 
303 
278 294 
294 
364 237 
364 
311 323 
323 
221 212 
221 
307 290 
307 
274 237 
274 
245 249 
249 
212 372 
372 
315 225 
315 
241 335 
335 
278 307 
307 
176 327 
327 
286 380 
380 
253 315 
315 
360 303 
360 
253 299 
299 
262 278 
278 
360 344 
360 
315 278 
315 
364 323 
364 
327 258 
327 
352 253 
352 
262 212 
262 
331 225 
331 
315 217 
315 
249 241 
249 
233 225 
233 
262 274 
274 
331 253 
331 
294 266 
294 
262 290 
290 
266 262 
266 
303 245 
303 
339 327 
339 
307 225 
307 
286 389 
389 
176 200 
200 
237 270 
270 
253 319 
319 
225 253 
253 
188 229 
229 
303 331 
331 
258 307 
307 
245 225 
245 
237 274 
274 
159 196 
196 
253 200 
253 
245 200 
245 
217 188 
217 
409 294 
409 
299 294 
299 
430 241 
430 
368 303 
368 
417 344 
417 
237 241 
241 
315 188 
315 
212 282 
282 
364 278 
364 
331 221 
331 
294 323 
323 
323 270 
323 
368 270 
368 
327 339 
339 
229 299 
299 
323 311 
323 
307 294 
307 
192 221 
221 
270 290 
290 
229 188 
229 
225 245 
245 
258 212 
258 
245 270 
270 
266 270 
270 
262 335 
335 
0 0 
0 
0 0 
0 
0 0 
0 
0 0 
0 
335 159 
335 
339 307 
339 
446 258 
446 
421 167 
421 
352 225 
352 
315 303 
315 
364 217 
364 
339 360 
360 
401 380 
401 
339 270 
339 
376 241 
376 
335 348 
348 
352 249 
352 
274 233 
274 
290 307 
307 
380 274 
380 
344 303 
344 
385 299 
385 
274 307 
307 
311 204 
311 
282 290 
290 
331 303 
331 
282 311 
311 
348 274 
348 
335 286 
335 
0 0 
0 
0 0 
0 
0 0 
0 
0 0 
0 
274 372 
372 
413 294 
413 
319 356 
356 
339 368 
368 
311 294 
311 
245 352 
352 
360 307 
360 
258 339 
339 
262 425 
425 
237 307 
307 
249 192 
249 
200 352 
352 
352 270 
352 
270 299 
299 
360 348 
360 
360 307 
360 
311 282 
311 
335 352 
352 
282 323 
323 
307 311 
311 
311 360 
360 
389 315 
389 
290 409 
409 
278 299 
299 
303 323 
323 
372 352 
372 
360 335 
360 
290 282 
290 
225 282 
282 
327 258 
327 
385 339 
385 
352 270 
352 
360 237 
360 
356 319 
356 
241 258 
258 
274 258 
274 
294 307 
307 
249 274 
274 
327 258 
327 
352 262 
352 
380 339 
380 
233 249 
249 
368 339 
368 
352 245 
352 
315 286 
315 
327 319 
327 
319 278 
319 
372 282 
372 
376 331 
376 
282 331 
331 
282 212 
282 
339 282 
339 
335 348 
348 
389 266 
389 
262 258 
262 
348 221 
348 
339 307 
339 
266 294 
294 
303 217 
303 
294 344 
344 
258 278 
278 
311 356 
356 
217 307 
307 
212 221 
221 
286 217 
286 
253 237 
253 
344 192 
344 
290 315 
315 
315 241 
315 
339 352 
352 
376 217 
376 
262 315 
315 
303 327 
327 
258 294 
294 
348 327 
348 
290 278 
290 
286 311 
311 
270 282 
282 
266 217 
266 
262 270 
270 
270 327 
327 
253 299 
299 
294 307 
307 
212 278 
278 
286 315 
315 
245 274 
274 
323 241 
323 
368 311 
368 
339 356 
356 
339 356 
356 
360 319 
360 
282 327 
327 
307 286 
307 
262 385 
385 
389 344 
389 
200 286 
286 
356 323 
356 
282 299 
299 
307 344 
344 
360 339 
360 
258 266 
266 
253 307 
307 
299 319 
319 
348 360 
360 
335 327 
335 
286 344 
344 
360 339 
360 
270 356 
356 
307 303 
307 
360 311 
360 
245 237 
245 
315 307 
315 
360 393 
393 
0 0 
0 
0 0 
0 
0 0 
0 
0 0 
0 
0 0 
0 
0 0 
0 
180 335 
335 
335 323 
335 
360 286 
360 
282 331 
331 
274 380 
380 
319 348 
348 
364 368 
368 
389 327 
389 
274 311 
311 
405 299 
405 
327 249 
327 
262 344 
344 
176 319 
319 
212 516 
516 
294 389 
389 
274 307 
307 
307 339 
339 
311 380 
380 
282 270 
282 
360 348 
360 
253 335 
335 
270 274 
274 
253 315 
315 
237 274 
274 
241 311 
311 
311 217 
311 
307 352 
352 
241 348 
348 
311 368 
368 
270 352 
352 
286 196 
286 
397 282 
397 
405 221 
405 
356 196 
356 
290 233 
290 
344 380 
380 
282 155 
282 
368 253 
368 
462 303 
462 
323 258 
323 
368 245 
368 
348 229 
348 
270 299 
299 
368 266 
368 
339 311 
339 
274 299 
299 
290 258 
290 
372 212 
372 
311 262 
311 
352 192 
352 
270 282 
282 
356 286 
356 
315 253 
315 
0 0 
0 
0 0 
0 
0 0 
0 
0 0 
0 
0 0 
0 
0 0 
0 
315 397 
397 
454 262 
454 
331 442 
442 
335 360 
360 
249 417 
417 
229 331 
331 
294 331 
331 
278 389 
389 
327 368 
368 
0 0 
0 
0 0 
0 
0 0 
0 
0 0 
0 
0 0 
0 
0 0 
0 
0 0 
0 
0 0 
0 
0 0 
0 
0 0 
0 
0 0 
0 
0 0 
0 
0 0 
0 
0 0 
0 
0 0 
0 
0 0 
0 
0 0 
0 
0 0 
0 
0 0 
0 
258 229 
258 
466 290 
466 
143 212 
212 
237 217 
237 
315 323 
323 
352 270 
352 
311 245 
311 
241 274 
274 
262 286 
286 
352 204 
352 
372 217 
372 
278 307 
307 
290 196 
290 
200 274 
274 
270 229 
270 
323 352 
352 
274 270 
274 
233 282 
282 
327 294 
327 
348 385 
385 
249 204 
249 
282 253 
282 
315 270 
315 
331 294 
331 
286 348 
348 
393 385 
393 
307 299 
307 
229 299 
299 
315 319 
319 
274 180 
274 
339 368 
368 
278 176 
278 
327 270 
327 
229 212 
229 
364 253 
364 
245 311 
311 
307 315 
315 
360 327 
360 
270 253 
270 
315 339 
339 
348 303 
348 
286 229 
286 
315 249 
315 
241 323 
323 
249 348 
348 
303 270 
303 
229 266 
266 
323 339 
339 
303 290 
303 
327 245 
327 
258 307 
307 
339 290 
339 
217 249 
249 
274 282 
282 
290 245 
290 
225 233 
233 
299 315 
315 
352 299 
352 
376 368 
376 
348 282 
348 
393 368 
393 
331 266 
331 
253 229 
253 
282 233 
282 
430 393 
430 
327 221 
327 
339 290 
339 
225 245 
245 
282 274 
282 
299 266 
299 
299 278 
299 
360 356 
360 
344 303 
344 
225 237 
237 
368 212 
368 
266 319 
319 
323 274 
323 
299 278 
299 
327 372 
372 
274 249 
274 
327 307 
327 
286 274 
286 
323 352 
352 
389 282 
389 
327 413 
413 
401 241 
401 
356 245 
356 
311 282 
311 
299 278 
299 
393 311 
393 
299 241 
299 
307 315 
315 
315 266 
315 
307 249 
307 
360 299 
360 
217 282 
282 
299 274 
299 
323 282 
323 
299 339 
339 
413 319 
413 
335 241 
335 
327 237 
327 
282 241 
282 
294 356 
356 
413 282 
413 
245 221 
245 
311 286 
311 
331 352 
352 
262 241 
262 
335 323 
335 
278 315 
315 
294 270 
294 
299 311 
311 
389 217 
389 
315 303 
315 
311 364 
364 
446 229 
446 
331 221 
331 
274 311 
311 
479 442 
479 
335 393 
393 
262 258 
262 
286 180 
286 
323 311 
323 
401 229 
401 
352 200 
352 
339 364 
364 
253 245 
253 
299 258 
299 
339 188 
339 
303 237 
303 
356 270 
356 
278 225 
278 
356 200 
356 
0 0 
0 
0 0 
0 
0 0 
0 
0 0 
0 
0 0 
0 
0 0 
0 
0 0 
0 
0 0 
0 
0 0 
0 
0 0 
0 
0 0 
0 
282 172 
282 
380 241 
380 
286 315 
315 
348 249 
348 
335 327 
335 
249 258 
258 
356 184 
356 
282 323 
323 
438 217 
438 
286 294 
294 
278 266 
278 
360 270 
360 
258 245 
258 
303 208 
303 
290 286 
290 
327 274 
327 
315 286 
315 
307 274 
307 
327 307 
327 
307 270 
307 
212 258 
258 
323 204 
323 
274 348 
348 
286 245 
286 
253 307 
307 
323 286 
323 
315 311 
315 
270 229 
270 
331 253 
331 
344 237 
344 
303 241 
303 
335 294 
335 
323 233 
323 
274 307 
307 
299 356 
356 
339 278 
339 
290 249 
290 
327 266 
327 
307 241 
307 
376 323 
376 
266 180 
266 
245 258 
258 
335 323 
335 
278 266 
278 
307 356 
356 
258 217 
258 
299 385 
385 
331 278 
331 
319 335 
335 
221 225 
225 
303 315 
315 
270 245 
270 
286 319 
319 
221 196 
221 
200 253 
253 
188 262 
262 
389 364 
389 
229 270 
270 
237 344 
344 
315 282 
315 
303 307 
307 
323 339 
339 
249 294 
294 
282 237 
282 
299 233 
299 
372 303 
372 
294 290 
294 
266 299 
299 
335 286 
335 
253 282 
282 
319 331 
331 
344 290 
344 
299 344 
344 
241 221 
241 
258 278 
278 
282 249 
282 
286 270 
286 
335 311 
335 
335 315 
335 
352 364 
364 
282 303 
303 
278 233 
278 
253 249 
253 
335 221 
335 
311 315 
315 
258 380 
380 
180 307 
307 
249 303 
303 
372 352 
372 
266 323 
323 
249 286 
286 
270 323 
323 
356 290 
356 
282 274 
282 
294 266 
294 
245 307 
307 
229 245 
245 
274 266 
274 
299 270 
299 
286 262 
286 
262 299 
299 
266 303 
303 
237 303 
303 
335 282 
335 
303 307 
307 
270 274 
274 
315 389 
389 
204 262 
262 
241 311 
311 
0 0 
0 
0 0 
0 
0 0 
0 
0 0 
0 
0 0 
0 
0 0 
0 
323 225 
323 
253 192 
253 
339 233 
339 
368 393 
393 
303 356 
356 
299 266 
299 
258 237 
258 
245 200 
245 
274 335 
335 
323 274 
323 
315 253 
315 
241 303 
303 
233 274 
274 
217 344 
344 
286 290 
290 
262 286 
286 
278 253 
278 
221 237 
237 
335 319 
335 
245 225 
245 
204 323 
323 
217 200 
217 
274 237 
274 
245 208 
245 
327 274 
327 
311 233 
311 
200 245 
245 
221 192 
221 
294 225 
294 
237 290 
290 
262 278 
278 
380 237 
380 
258 249 
258 
294 241 
294 
274 319 
319 
323 389 
389 
196 282 
282 
208 143 
208 
352 262 
352 
237 212 
237 
229 233 
233 
200 311 
311 
208 303 
303 
274 380 
380 
200 176 
200 
163 221 
221 
221 192 
221 
258 245 
258 
204 311 
311 
266 229 
266 
225 221 
225 
200 217 
217 
286 348 
348 
196 221 
221 
245 311 
311 
229 249 
249 
192 221 
221 
335 299 
335 
389 335 
389 
348 266 
348 
352 348 
352 
311 356 
356 
413 331 
413 
393 335 
393 
319 229 
319 
331 270 
331 
413 372 
413 
372 364 
372 
262 212 
262 
401 417 
417 
360 348 
360 
339 368 
368 
356 335 
356 
270 294 
294 
270 262 
270 
315 282 
315 
303 266 
303 
360 311 
360 
307 331 
331 
352 372 
372 
360 294 
360 
245 278 
278 
315 303 
315 
352 299 
352 
307 339 
339 
315 266 
315 
360 225 
360 
307 221 
307 
344 212 
344 
315 237 
315 
311 217 
311 
360 274 
360 
344 274 
344 
319 282 
319 
348 278 
348 
372 299 
372 
176 180 
180 
299 229 
299 
237 188 
237 
303 253 
303 
323 241 
323 
327 266 
327 
331 303 
331 
221 241 
241 
311 176 
311 
339 323 
339 
266 327 
327 
184 196 
196 
241 225 
241 
253 233 
253 
229 237 
237 
290 307 
307 
270 290 
290 
270 241 
270 
348 331 
348 
233 360 
360 
278 335 
335 
196 282 
282 
352 311 
352 
208 282 
282 
225 360 
360 
184 274 
274 
270 311 
311 
356 270 
356 
372 237 
372 
241 303 
303 
286 299 
299 
303 282 
303 
241 290 
290 
200 315 
315 
274 290 
290 
286 344 
344 
237 389 
389 
237 274 
274 
294 344 
344 
217 266 
266 
303 331 
331 
380 438 
438 
315 253 
315 
270 339 
339 
270 315 
315 
294 290 
294 
286 323 
323 
192 352 
352 
208 286 
286 
245 335 
335 
335 319 
335 
299 282 
299 
380 196 
380 
286 200 
286 
274 245 
274 
290 258 
290 
212 229 
229 
319 282 
319 
266 323 
323 
204 200 
204 
311 303 
311 
385 286 
385 
274 282 
282 
327 331 
331 
249 372 
372 
286 212 
286 
331 278 
331 
266 229 
266 
331 294 
331 
204 249 
249 
315 294 
315 
217 241 
241 
290 339 
339 
344 249 
344 
323 335 
335 
356 331 
356 
303 282 
303 
315 311 
315 
446 299 
446 
331 315 
331 
339 225 
339 
331 299 
331 
356 397 
397 
221 282 
282 
278 258 
278 
360 274 
360 
282 262 
282 
286 311 
311 
323 204 
323 
299 286 
299 
282 319 
319 
323 335 
335 
286 262 
286 
270 237 
270 
266 262 
266 
245 258 
258 
237 294 
294 
270 307 
307 
278 323 
323 
315 303 
315 
200 274 
274 
335 262 
335 
323 385 
385 
233 311 
311 
311 315 
315 
311 339 
339 
221 311 
311 
364 319 
364 
430 233 
430 
282 258 
282 
352 290 
352 
229 331 
331 
454 294 
454 
294 212 
294 
253 307 
307 
253 331 
331 
385 319 
385 
262 258 
262 
327 208 
327 
311 241 
311 
245 356 
356 
294 258 
294 
331 294 
331 
360 413 
413 
380 311 
380 
258 266 
266 
249 282 
282 
311 262 
311 
294 299 
299 
335 311 
335 
339 270 
339 
417 376 
417 
266 294 
294 
352 307 
352 
311 360 
360 
335 319 
335 
356 339 
356 
290 282 
290 
282 249 
282 
241 303 
303 
303 258 
303 
294 335 
335 
278 192 
278 
339 245 
339 
278 217 
278 
290 245 
290 
270 311 
311 
290 200 
290 
282 286 
286 
274 237 
274 
286 270 
286 
237 274 
274 
286 344 
344 
315 303 
315 
299 262 
299 
237 225 
237 
233 315 
315 
286 331 
331 
262 253 
262 
307 237 
307 
335 286 
335 
266 299 
299 
253 200 
253 
245 282 
282 
176 270 
270 
376 344 
376 
311 323 
323 
294 290 
294 
270 208 
270 
241 286 
286 
253 294 
294 
475 364 
475 
294 299 
299 
356 380 
380 
290 315 
315 
299 319 
319 
364 294 
364 
307 294 
307 
290 270 
290 
311 339 
339 
208 290 
290 
348 307 
348 
225 315 
315 
229 286 
286 
290 335 
335 
335 360 
360 
380 286 
380 
282 413 
413 
323 282 
323 
0 0 
0 
0 0 
0 
0 0 
0 
0 0 
0 
0 0 
0 
282 249 
282 
364 237 
364 
319 364 
364 
286 200 
286 
356 249 
356 
294 217 
294 
299 311 
311 
225 212 
225 
360 241 
360 
299 266 
299 
0 0 
0 
0 0 
0 
0 0 
0 
0 0 
0 
0 0 
0 
0 0 
0 
0 0 
0 
0 0 
0 
0 0 
0 
0 0 
0 
0 0 
0 
0 0 
0 
0 0 
0 
0 0 
0 
0 0 
0 
0 0 
0 
0 0 
0 
0 0 
0 
0 0 
0 
0 0 
0 
208 290 
290 
200 327 
327 
245 258 
258 
270 307 
307 
258 294 
294 
262 331 
331 
196 274 
274 
278 307 
307 
327 352 
352 
229 212 
229 
237 315 
315 
262 253 
262 
266 258 
266 
266 274 
274 
225 278 
278 
307 360 
360 
245 303 
303 
262 237 
262 
315 299 
315 
278 266 
278 
200 356 
356 
278 290 
290 
212 221 
221 
299 278 
299 
0 0 
0 
0 0 
0 
0 0 
0 
0 0 
0 
0 0 
0 
0 0 
0 
335 245 
335 
364 303 
364 
282 204 
282 
229 204 
229 
307 274 
307 
376 331 
376 
303 274 
303 
282 212 
282 
380 266 
380 
307 221 
307 
319 253 
319 
286 196 
286 
200 180 
200 
294 212 
294 
233 184 
233 
282 241 
282 
241 221 
241 
262 212 
262 
274 233 
274 
372 364 
372 
249 225 
249 
233 180 
233 
237 229 
237 
229 225 
229 
241 253 
253 
245 270 
270 
233 225 
233 
229 307 
307 
249 282 
282 
323 335 
335 
290 262 
290 
262 253 
262 
299 286 
299 
294 266 
294 
204 290 
290 
290 249 
290 
233 196 
233 
401 307 
401 
286 237 
286 
315 262 
315 
282 303 
303 
192 266 
266 
253 360 
360 
204 335 
335 
200 245 
245 
282 315 
315 
282 372 
372 
221 245 
245 
221 241 
241 
282 344 
344 
237 372 
372 
266 389 
389 
217 266 
266 
245 290 
290 
221 311 
311 
241 331 
331 
319 299 
319 
315 331 
331 
282 307 
307 
237 294 
294 
339 331 
339 
356 270 
356 
327 331 
331 
364 368 
368 
413 266 
413 
270 290 
290 
311 319 
319 
307 335 
335 
282 323 
323 
237 282 
282 
278 303 
303 
270 368 
368 
311 327 
327 
360 335 
360 
303 368 
368 
212 307 
307 
303 360 
360 
0 0 
0 
0 0 
0 
0 0 
0 
0 0 
0 
0 0 
0 
0 0 
0 
311 299 
311 
344 315 
344 
294 253 
294 
364 249 
364 
335 352 
352 
315 241 
315 
294 282 
294 
286 262 
286 
331 327 
331 
348 217 
348 
352 339 
352 
319 376 
376 
270 180 
270 
348 360 
360 
303 356 
356 
274 262 
274 
327 282 
327 
352 311 
352 
274 262 
274 
303 245 
303 
331 282 
331 
241 221 
241 
233 303 
303 
356 278 
356 
360 290 
360 
311 348 
348 
221 348 
348 
303 282 
303 
266 315 
315 
397 294 
397 
278 327 
327 
339 258 
339 
258 237 
258 
286 348 
348 
262 307 
307 
315 237 
315 
323 262 
323 
425 262 
425 
352 237 
352 
368 253 
368 
266 368 
368 
319 311 
319 
249 344 
344 
307 348 
348 
188 237 
237 
208 282 
282 
241 282 
282 
286 356 
356 
319 323 
323 
225 307 
307 
286 311 
311 
307 303 
307 
200 315 
315 
344 360 
360 
274 266 
274 
225 286 
286 
249 393 
393 
344 323 
344 
249 258 
258 
339 364 
364 
237 299 
299 
245 307 
307 
262 241 
262 
360 385 
385 
278 286 
286 
290 372 
372 
249 303 
303 
258 196 
258 
221 241 
241 
294 299 
299 
323 311 
323 
172 229 
229 
192 299 
299 
253 331 
331 
245 237 
245 
299 249 
299 
327 339 
339 
278 233 
278 
249 290 
290 
290 282 
290 
212 311 
311 
217 294 
294 
286 294 
294 
229 274 
274 
393 237 
393 
241 229 
241 
376 290 
376 
274 348 
348 
299 274 
299 
327 344 
344 
323 270 
323 
331 278 
331 
290 278 
290 
282 196 
282 
278 315 
315 
294 233 
294 
335 212 
335 
282 204 
282 
331 258 
331 
290 233 
290 
270 311 
311 
327 266 
327 
327 270 
327 
397 364 
397 
311 245 
311 
331 286 
331 
278 212 
278 
376 307 
376 
253 262 
262 
307 327 
327 
348 270 
348 
274 229 
274 
335 290 
335 
290 258 
290 
290 401 
401 
495 327 
495 
376 430 
430 
458 352 
458 
274 397 
397 
286 356 
356 
385 303 
385 
450 319 
450 
385 421 
421 
204 327 
327 
524 221 
524 
389 294 
389 
327 348 
348 
413 360 
413 
380 397 
397 
335 327 
335 
233 237 
237 
446 430 
446 
438 380 
438 
442 425 
442 
376 344 
376 
319 339 
339 
315 286 
315 
344 331 
344 
360 311 
360 
274 286 
286 
352 270 
352 
315 270 
315 
262 356 
356 
200 286 
286 
249 278 
278 
368 372 
372 
356 311 
356 
249 294 
294 
299 249 
299 
274 327 
327 
253 196 
253 
278 303 
303 
360 196 
360 
253 217 
253 
274 241 
274 
278 155 
278 
339 188 
339 
299 192 
299 
233 163 
233 
262 274 
274 
294 159 
294 
274 245 
274 
225 184 
225 
380 266 
380 
339 237 
339 
311 212 
311 
323 180 
323 
294 192 
294 
282 217 
282 
376 335 
376 
307 241 
307 
319 180 
319 
344 327 
344 
385 323 
385 
258 241 
258 
360 339 
360 
315 221 
315 
299 212 
299 
360 274 
360 
253 319 
319 
311 299 
311 
372 249 
372 
339 274 
339 
360 253 
360 
278 393 
393 
385 348 
385 
266 245 
266 
368 303 
368 
331 237 
331 
286 217 
286 
356 253 
356 
327 413 
413 
335 323 
335 
274 196 
274 
299 229 
299 
249 167 
249 
229 241 
241 
286 233 
286 
274 172 
274 
307 217 
307 
282 163 
282 
311 299 
311 
339 258 
339 
155 196 
196 
294 307 
307 
233 176 
233 
270 229 
270 
212 356 
356 
253 204 
253 
303 208 
303 
311 184 
311 
266 282 
282 
319 270 
319 
311 249 
311 
266 184 
266 
278 217 
278 
196 184 
196 
315 274 
315 
262 184 
262 
249 217 
249 
258 237 
258 
233 217 
233 
286 200 
286 
266 163 
266 
307 229 
307 
380 303 
380 
335 303 
335 
290 376 
376 
311 270 
311 
393 253 
393 
282 233 
282 
258 331 
331 
327 294 
327 
270 294 
294 
229 253 
253 
389 413 
413 
192 331 
331 
0 0 
0 
0 0 
0 
0 0 
0 
0 0 
0 
0 0 
0 
0 0 
0 
0 0 
0 
0 0 
0 
0 0 
0 
0 0 
0 
0 0 
0 
0 0 
0 
0 0 
0 
0 0 
0 
0 0 
0 
0 0 
0 
0 0 
0 
241 217 
241 
282 270 
282 
421 348 
421 
360 262 
360 
311 274 
311 
258 233 
258 
286 258 
286 
196 155 
196 
286 262 
286 
319 212 
319 
352 249 
352 
327 176 
327 
311 200 
311 
307 290 
307 
389 286 
389 
294 307 
307 
286 315 
315 
278 331 
331 
294 237 
294 
229 266 
266 
237 241 
241 
307 258 
307 
245 237 
245 
319 286 
319 
307 253 
307 
323 303 
323 
282 237 
282 
290 270 
290 
339 241 
339 
274 258 
274 
323 229 
323 
315 208 
315 
380 266 
380 
303 315 
315 
200 262 
262 
319 344 
344 
348 299 
348 
258 245 
258 
262 192 
262 
315 303 
315 
278 217 
278 
323 278 
323 
352 323 
352 
364 389 
389 
327 274 
327 
344 303 
344 
294 331 
331 
245 278 
278 
237 331 
331 
241 217 
241 
262 204 
262 
294 331 
331 
339 262 
339 
212 303 
303 
307 282 
307 
